1118661293
1271725007
1548115010
1864576804
605043739
1646604840
1011436614
368018936
2042458532
1023081696
2057867955
37773919
1074335785
1486612667
1467479895
251459295
811493496
207359092
1454091909
1356304633
1046953555
134162378
1326280504
2019786847
560417112
279771283
218266946
588804944
799619041
181686943
1962396858
447195894
515915411
141826082
2124953328
1575992759
519769762
1425398956
573573712
1310580350
462298091
1933228892
1855153908
290744627
2127281827
1749319721
1421143257
1070561214
1031099652
1772175827
696037646
2138220295
1358876808
234306957
2014269556
184021642
1389789865
211277032
1501370876
1885309148
124831731
1381399263
1870196721
1183196687
1220225078
1490141276
935237424
991400857
1192740760
859575212
2085590238
90238449
1223047287
1989602818
187499441
24504811
1095975408
1953748181
1565048303
97195363
122025966
2128819790
1412474015
64232293
1101160721
297765127
1093706121
155992565
1971254724
1126144931
2140395308
791072742
1740848897
1911191848
99067173
1731778554
1105094940
483312653
1895829955
1850062464
596224844
810242183
295391574
2024845408
313193083
239371925
1775061279
1725101568
540438757
1505794326
964164013
1440326915
1858633235
2017976475
972075309
577850001
727217082
2140897144
1691223080
1551170706
66394908
297978155
1185809987
1422203946
1118003794
112944713
843889342
810776741
1008481515
139718824
750881854
1545661728
9122187
1041323799
933086874
242118505
2063311857
945977705
1024834587
1226268696
1663490601
626048070
774913831
1568058478
251645926
770344179
531865256
1451061091
1957021114
1785662285
1417913761
480695685
1008119090
490984555
842289949
1079714167
411222447
2000201237
1853830991
922799673
714843041
112095122
1250245560
1843944662
1849974651
1300317377
1256182687
2103280671
309226280
1293151316
1234852061
1279487246
440673034
2122624981
1477910851
1980381020
181238683
1250382813
891333756
688644181
1171041453
79545817
1944783503
208051459
143063521
559497265
1694547049
856521318
357491746
1182910447
553499021
1924651972
1581479738
1580293960
1538562767
2056221683
1884895525
1729515158
148246869
485696887
1337988677
686950778
1767751892
928212697
1096536279
554961048
1445093298
361509919
1914260362
409903605
1754691850
237410235
2131652243
93869114
2099229881
455070390
1905426494
558319850
1148331487
859818639
424906979
270043561
1494728870
554356920
1203787381
1074540985
508844002
203761042
2128408420
1152521481
581669648
1289383270
56480480
246392594
2118041473
30750741
390557316
1965849832
308827055
2030061770
543754683
53213945
405170674
1645222852
881952069
1833528479
1269391985
77198656
642516882
1704518776
1948257735
870029876
1761911025
1977824278
1441022994
177847150
473560513
1152040278
642723763
2120217695
876449343
1478085146
858853687
721047799
1099039631
1708533720
406282789
676690502
476153461
186652982
1175632901
1494715136
182612218
1432498043
441415791
1129830775
1027790688
25033567
2131875122
1374526411
144290494
541794924
455450888
1242667071
1956673167
845293654
905506754
2036034400
1730481432
1695788845
257109267
1270436347
623026027
1918074904
363905019
1289244310
16933709
2121329698
1086601879
1784475653
1786603556
212227834
52679037
1667068222
993761631
207842825
1918339133
609625658
1405475243
1754993384
1621498581
784497844
1644984443
373152839
828273441
1701072868
1248026850
1394825633
641500350
190603734
1954635275
1725934671
979831030
1751245557
1508739962
571783309
539853492
2114675858
1051182142
841566387
9640456
16847770
1855276040
1797585338
703087433
825871259
458297843
2025173526
853907521
1455774816
1612122815
487544743
1043035267
3742355
337383095
2061488244
202565310
764593982
158614489
1044081814
849680392
1037041534
413342224
853825628
652829778
187615632
2086911708
1459061832
1608080742
1392056377
890824667
924581336
438411492
2044635927
478576204
1279524496
852469786
43763779
241026180
1583905933
1949986524
119848392
958421964
1815906001
1525774336
2065424874
1425163777
2023961174
16073227
1524580385
684048954
1886378863
2074032285
621055491
1582972253
619958267
908481839
83841013
548217766
1317627266
290554433
1015521174
1589013927
2090874802
1663518772
898457241
605628173
1339176137
275727219
766508687
861773949
1264029814
563847869
761190008
560998998
111431052
1049963965
524319848
1167730354
6093686
1239855820
1070179554
1246255481
1691035640
1984875901
259089476
2123425190
1777617602
178147748
587403321
1976381168
698266275
1679847269
331258103
831578841
1616993068
435909290
2016994153
751234964
563653324
2123800003
332320920
1014894377
1619778539
1977603773
1660703135
2084161373
900157122
690510413
1070173359
1774564013
553386900
589430859
766320324
2024092623
502171269
1350566891
1787249132
676352829
2064666749
499363507
1822961627
159527670
973549948
1665110084
2011581592
327231495
1296289476
526529770
31228502
1977491022
952523603
180056353
716857632
435765858
1332796652
47305037
1198753006
1175156118
1168115203
674341778
1844962899
1112351208
164643445
1323588929
1823749919
1005846619
2082758539
398783607
810492922
1942098042
1932929165
146541313
546386735
1852681683
1967838857
621661902
1501991493
1794662717
485500728
1485081420
1811099706
2012486719
759955078
1680277483
197089393
400151561
1458478398
1115388335
71135208
1483625403
1056836904
1662570702
734263316
245435770
1417023405
1485335381
1321540891
249425214
1863929082
405656521
1638283843
2054457746
1251322227
148085563
549681961
1918239163
1715809713
1526419727
1856275804
1655124319
476686225
606537695
1965141723
1520875869
700041794
600907728
633536971
1397794651
1882031167
2120520304
211101832
701795786
1365927247
1333250896
93598136
1131583327
872728619
1902339404
884541578
96696821
678028383
1178468868
1728181053
1102511499
323698441
1883393025
1872395230
174974497
746192939
1486634190
101585501
814402781
1000280008
1013811258
1656573671
818924692
62275561
73125892
1380869649
1278011468
1277065342
2083534930
2099353923
970800569
581785288
1062359863
1197835010
702346672
1204376484
2111166907
266716042
1483848709
1277147242
1876476847
373084741
1097129247
544211982
1561485676
221626807
29852993
1783475908
866912037
1929195127
2027430994
1777083774
1921824287
920070724
1304340777
97284436
705250963
354693567
2059927129
1779705483
156524017
2111175027
1815115927
1150365755
477087940
1134743311
551570509
1148952789
1884962036
1666217952
2133545882
1907877125
1793029739
956232779
1349610699
1463694210
1937178568
520348608
733527933
99164460
424512907
2067576823
307601054
732196712
1372855576
1289955373
613478494
50696138
1078314133
70979820
440995486
1016997958
87482860
1892287504
1175665357
301976862
657036239
197568289
1423624241
1615697057
1501859178
1315013262
196591431
983248493
2067451853
236092133
2038377864
2016511179
203913436
1192076275
1706668359
330096299
1303699646
58869385
1556396495
268807432
876706129
503726870
2031744011
59926151
559981690
849446842
783555503
157498494
425595969
848916409
1157573077
1516625737
544490842
264000140
828593234
962042981
1061210744
70703374
162927759
1129471508
1170356361
1673275116
942421374
1525813152
1277051212
1722405887
1183460317
903860360
632991970
1514209051
771260568
1220916641
698774722
1309184879
944407843
1690845626
206334264
1475029662
1025230945
921729930
81617314
1559787897
394412545
1504039969
1609507434
1767808216
1528268432
1661677196
1136649782
1647441851
581615393
2092499252
1555298622
276035069
2065499789
2037337342
203882931
186054275
239848413
1166923802
1920020457
701369429
1093938346
1482696191
1976772720
2041818135
1401439790
1888777533
1008636340
1308051549
344924453
1511817143
1346987513
2035743975
845748188
58179264
516860793
181944161
2089716020
1474771549
278670630
1956469027
186074839
730879575
693218462
635772980
1060823787
347048317
654473937
1338671644
593297034
1201207874
1216654686
585137981
949978434
1697011960
2016812502
1124044575
323045028
1278638558
1165082780
1343292924
711524229
602627589
2084737458
336796130
308019106
1066424937
121776831
703614960
1312071733
1795927305
815232659
1684865639
1916218427
675890759
425361237
665625020
466822593
1185910972
409579134
98247617
918204577
370776069
1373206470
1910507468
1048012870
1621767837
1967637375
1933776251
1724240127
1796586795
1345764983
1796693333
1381045267
2107831265
581973236
1061945609
1076606572
1568941004
1271897479
1556067055
596579807
1572072418
1749222928
1927103627
533160351
1968454412
254044542
623362941
1314320394
1041367119
231603116
237047875
1814872649
1847861314
371570765
273597991
1126925633
1102462936
1708657577
1216175630
798888424
377094145
1575512982
685024938
745196053
1404493110
1524816999
1463079345
122874330
1546513060
2063832458
701747033
1709806436
1446983858
1537355052
174230765
374587587
1864167817
1106941807
411029225
710171853
1772568381
4134561
1501767459
1271569771
1846347948
456797595
944535272
1503268654
737766732
1384201274
152700837
483725845
2045921074
1135639922
1471273330
791489006
392083866
169573587
205896334
1271586049
536424756
1598734746
1692680757
599979290
1257456682
170028280
2132978172
380747887
1324904472
1477318380
1000480071
451386368
919951420
1242817785
463721800
1525406727
771017497
944058027
1536490854
1088650768
129474884
1586071677
2089869926
556314590
1796488687
1878655233
823879192
1716226376
37412144
526428268
382007764
98587376
940820227
1447553365
1888888709
1017748413
1208295187
1736665243
785131990
1104940798
1568002642
1161710098
1567971905
135221048
1754011572
1759455206
808464137
817018760
925073433
753855445
1538835588
1423203306
1550900016
1114025254
250042786
1431370261
558179852
1749950212
1266398256
566435470
589247567
646949340
847068457
11069437
49520037
2146646181
196556000
2039789251
1988485597
717434265
1748154195
918399454
1367287319
1830754934
620686228
1870176276
1008081784
682993607
1874258114
1015720958
2097949307
1525388691
1304410821
393398286
2007109855
541929267
371075485
2110876246
1589479735
1848129954
343106552
123021531
1614256039
2048624011
608402387
398821462
899541513
405819301
1552231184
1413360551
961447634
409870284
1916831203
1246397929
1989910846
1054853496
1320743184
1627520681
1227198092
69452687
394401837
181925223
45192448
483754854
1128154250
1591138658
94253611
1886345177
541263864
1554371352
1306045030
715453723
725552256
29793796
661467305
81797925
491838103
2116170216
2099067601
1743648802
1555938159
551124748
886907653
1035227733
1824817958
286586614
1510591982
1694149395
1573995064
2042451540
1652884847
363717184
154343132
1104039486
1844259354
1335613539
1432709785
