1385194128
1335709599
1709147611
1329012530
1426720012
853787364
318976779
1173411320
540946487
417179863
1083429023
1152873657
1011227720
1356198106
1779259906
808550462
1548483674
1330007895
803909624
389863208
537301011
1877336051
1077768230
1771608451
1190094577
1103200734
147253465
1516681849
1543842850
2105560488
1230186875
273178721
1675703240
1411523595
1560153300
1109959170
1864965891
1257741020
461298514
170318346
590938903
1499605330
1966662921
311014075
808730627
423004417
1298496850
1157133504
485620938
1596378907
1482520675
1406305260
199494564
904750509
1089159338
561750334
60564442
552038560
593777452
1593929545
814575813
1969276202
521645916
1639444986
666081251
1356791951
697215452
572695158
1464227603
102630985
446319309
1626083515
262844413
839426640
144816379
465619866
86001019
1932354422
1627914579
730852306
855523999
1688184061
492854531
764440051
261894136
1538173897
1492375700
1088639115
1230117179
516021928
1173095814
42894053
2024335555
1314864691
1720198885
1407460244
1454458560
2090523881
1912025476
1349804032
655734627
1795488636
1234880995
708250187
244391660
961591597
133740421
323093309
2088488187
1787369992
535740269
2012948350
1434150397
159353335
698726697
1676936057
1886703866
2107628815
1941390118
1253280289
539017397
1496557989
1667400692
417224777
1636049181
1264733176
534417217
839324315
1559563344
444697127
2941063
620832170
1055469127
88192494
508382972
2112769373
170162839
90699220
1510886074
1359552956
495185206
770510171
120350619
218693055
228887837
1065684796
2073938726
496393517
201075516
1732769670
434948394
1510304460
2037160358
482270322
794292121
1787644483
1555348580
1545530575
97883393
561910187
789954496
352781776
803876663
1310129865
5427378
1696843203
1082552420
1634034048
1917526701
563138938
689441267
459942788
79782958
1619533949
986393150
552738821
265625389
1688360026
699308375
857822170
1810025246
1447970482
189230009
869278510
1593925630
430512297
786501601
796638841
1945846520
1814871343
397289130
969464012
1759050207
811938157
4968771
178756525
1877450477
308974439
1524005851
1795193358
537760031
1444337412
2036697207
1199445613
1877868286
1352569226
1294019636
1855631245
2098297867
1124143643
1405747920
1730410040
1458747372
848024469
1919333240
1926525940
1165083731
1623286245
490662936
1329852011
139278692
795086413
396596872
894792825
289468524
1220327825
1757026711
2089471418
154122270
1070137083
567636193
974207781
446262177
635098338
730520243
793345651
254119454
1893384678
1935880799
1090392514
1513847556
837148838
1232603196
1355395468
162015469
956074420
611353912
913504057
1388942233
1740670608
508395295
1617109297
1882198370
1881260403
1324625831
149436859
1456383892
169356099
1253379054
1732830740
1729128013
1773484267
713427941
1063661061
1855393780
2097286251
2082725192
2016520538
70841684
347153884
837365913
127276774
1271003825
1669112333
1375732593
1377424237
615400922
835731621
1247587114
600863398
1455536054
481881537
1336782551
1486449122
2039441651
284369295
901715136
33443966
789274251
1072422506
304034711
123315921
1538312760
1470531119
272167346
1339838038
1710761076
1321578312
1230616777
1872789041
124184308
1724327764
1678742939
972175463
1045475269
1802906339
1415173583
1798691490
998509084
617440596
645310445
1495083142
1985202125
454388363
1981351814
1010060693
542831099
963492047
1603964478
1422488941
517840760
1087398262
45044486
182983490
663377444
1653744419
428730428
289665266
908674968
1132991034
1040531383
360727604
885736831
104105858
1968579809
1526119244
640497559
2094255471
1476528574
1711310780
805908916
1119589126
1123050317
1102270477
1011490187
1732880013
1536227928
231668743
828928162
470273483
100226101
1149519176
1132446385
17285320
1739036276
882402636
1036459026
1170338836
1809902134
1476995550
1280519563
218922199
1138098696
203128314
1101373510
1740412502
1448286136
2063026971
1593741075
139549116
260722299
1058361062
79037765
1616826795
1497397430
530493027
1288236342
569122835
257953121
136505891
2042616766
1094423353
1973966762
852414666
1000941996
371950627
1890615993
358397782
834180019
610866786
1077121597
642864195
1331932529
2072910237
678586980
1643078645
2080648735
359610227
755924755
1917984847
2139270556
926926113
849571975
445663412
1568259932
1205536242
361932733
1356727022
1217161917
1863941416
936560096
185993508
1742366184
766996356
1423349475
746692276
186583335
1591938265
1122930900
1542355411
486747965
1128403325
50815288
1864129827
71210497
156850969
1577253954
2094800542
1538075112
1198146863
2006705629
1683097108
384369824
1591188638
794209565
645280826
809550349
947325496
1504693242
78317310
1786112032
1195533588
1857322221
1122832561
1907782635
1508420534
1290165894
636331916
669197702
1412269643
310251545
1999738198
1393045871
1802107136
1058192760
1551007260
722225506
72853049
1484114437
27050991
362600424
603435394
287937375
1729213798
1416062480
267251092
1851698213
813757180
134568568
1269037532
824382369
2092363317
789523851
1883366084
1858571328
1365529571
2130492532
1771473694
773868713
1973434154
962317271
751337029
119518608
301855596
1229237206
1717998834
622397325
355518372
2143436116
579059732
1750309581
580194314
1940406536
1390264444
1095373803
1569804080
1834061810
1445999772
917976090
1386532873
229908250
1505393418
1336106256
1924870159
1595276707
148064875
1854426160
311898158
1149679164
990542262
343930562
1234340690
949803614
850751606
1564475387
1139843380
810648212
1786575033
260672833
1538529662
1437402982
805688011
1781033190
1421010530
764542787
259173793
752745992
1338842394
22692739
1710757665
93173590
1560805338
1543786203
519093295
990509526
1687254643
1585294494
205512411
2029709855
1622176343
1808460067
2137570690
1032937343
508632225
550933029
916665431
1179657381
522333658
261447017
684493362
1034620587
2037828214
699529906
1416189805
1639649981
1724540354
901453490
1373991662
1560694285
452061690
1393094660
1255668186
861179993
209903501
1730597943
226410095
509877623
2009834717
2103955056
1544572680
148356043
851440034
33542881
116090314
455641099
889968172
615208833
1281167223
204558106
1987024196
649655701
1125929010
264318190
2056329632
1333472330
975214869
614377384
239988090
1729561632
133215433
359036508
1359454781
1446626562
2098482728
2037979719
1847823644
1896829519
1631638017
869830810
575402248
301052597
1591704987
2029980603
1103962763
141241133
128488673
760315419
605112154
360830669
886757271
1417451313
716331517
1577712985
1668902952
832127691
868786331
1295908456
382236063
1800230935
952069093
223141392
1983571303
195496185
111084993
1495276159
943209305
1802557460
228888257
65912968
572457336
573862236
1105801857
1642640007
1532307514
1110135131
540058432
174508310
1362211395
2133093456
614422504
1897628259
2118163770
1348453342
1505061430
990886025
763735554
2055903493
13722433
1547100068
1481432030
1710437984
1894437753
1645990280
165800565
798313487
1915716019
1989977345
1750653893
2103811781
80066401
1296862953
672594867
1535391790
2087473094
736155723
368391768
556196491
898221607
1591471476
1050778896
1268455466
1447482868
296833539
1218239278
2081132478
665560092
1682192380
918168832
1629852312
136362977
33272383
1537103961
1730966756
1803962445
203657196
690330346
189163670
855183657
587247824
393630887
455727352
623929058
1147230133
231644698
1838931534
601604099
261237836
1913995723
2056034642
1422788368
66662439
526593159
393983133
875476937
1353896789
178817344
554779385
1009004493
1659642117
1399812229
2101112535
2139083
844935601
1251334522
246971720
766549571
559874732
1730487510
64094246
649766223
1958561608
1143113684
978491813
1764424413
151251711
2135157950
266697752
666985535
352047355
1417617531
2034109755
1110517300
75923584
967613867
1708790227
715763362
1156632829
1783709279
1046047319
73064522
437104157
1598049106
712293984
1617601661
557901144
1008224256
580572803
1442722276
48379641
112980640
1680736309
292038004
596076442
134540314
551822587
2062048971
846276180
1064504150
1241652772
1130870592
355041537
720064194
1722999448
1792716529
117912364
704576978
528849835
1817385085
2131528483
292582723
94970269
258141015
242580035
941607976
758429966
400245735
1944537050
1478904857
462589904
1446204023
1203176434
1401079751
1756314856
673021015
1118168815
405531750
629891526
1948844153
1351455964
209848531
1271611289
599230436
354390347
1069259759
1629832560
1169928685
1341684640
122966799
889495903
1119516391
258349883
866543609
402465698
885358757
1401206757
1015544036
1056344723
1342436453
1904903651
1507069374
506346053
1270935467
2139765732
914104850
2018065465
1194005336
1774329265
717921977
201607280
1584413192
1826470053
1296976183
619548820
1826502820
1332562711
702315943
1845467523
1837275398
256732104
1283860483
439742131
467296092
1051748918
1654220307
2059652680
1102222654
802659160
877818050
1404331813
2048618121
201590934
801319760
1218391051
1575614833
1537167111
1508388209
1291135084
865904389
928310222
709643991
1382033089
668496761
1909372268
1956458558
68538550
1918625534
1410916543
507034257
1687613503
2097502633
506784408
746465490
511658704
237697669
1541373806
1611044023
826881533
501692754
1811586893
1446847109
2142825218
1927419481
69619866
1084548120
984866417
174014107
918450811
2063404603
1868295056
1110759161
1792093724
650859033
1980027606
917574242
748824693
2066006003
561083817
719859250
984399478
450645504
1753099427
1442795809
2090850430
1352115317
1677276956
133616400
310466151
1203508059
1524071984
2140740469
553628690
1503481203
271811805
500967731
1896224233
2056425057
6046888
21689779
1006913790
1473565486
828835229
348524605
816641105
163835196
768256203
710938465
915784592
254904887
507988800
2009957061
142732681
1476467977
506854205
1378506528
624721969
1548339524
1855179677
2023792047
1522601934
1493240849
2007757497
1750003037
1595177473
999960204
1661232658
1170997466
1856789435
1903404138
1340791542
546305426
1716007785
1908176029
522545668
78676371
1730093628
1949589778
1256157177
429649085
896360522
603231965
1781755678
1949053185
2099198001
557061146
628166721
1612633391
126460602
2094156263
711901017
1473749743
1275902260
1553508769
1558137317
597034669
1853582149
1160167448
1887343937
1376110405
1399944753
1840756982
1286281704
2028891562
1804906194
506166125
1729249877
185699928
935330441
1492389309
561861684
1168535789
951647735
1131570722
362655948
1474503346
652542900
1393620547
2144508551
1521938400
1280440582
1372337307
2048229193
224548926
25167070
870123197
1699405866
303015789
127009520
290190376
55555627
637883233
423275615
1280723248
539792709
1658480561
1118803906
771074181
986574780
1265131033
1109092195
2110466227
2012152470
1514065735
990109311
1761991803
686345623
1071323739
1160220838
1951138254
1122396005
1231891691
290260164
1720906523
951135549
1817831885
1204765275
1779093407
2005205520
1590717254
1275218325
977924062
734916183
763312356
1390503805
1040812948
1389287249
1093203082
1500630231
497252356
1429557404
1763802248
1801821903
471509424
991010490
125416148
139300323
1570297911
1017153810
215300454
612577590
1141424573
1817577964
1992770429
724000413
58652357
1657300744
1078736270
511564734
1812896203
1179141007
603895346
1929221938
89784469
1097024691
1394542286
385164068
1344775664
414014837
1340226107
1936971433
1685770657
2083342832
1033390149
1085764970
581617527
1150771528
130593321
1480752549
1870789222
892969169
328296057
1814890949
1665197739
1208278511
917906267
324785845
749226329
1303926857
1244422110
624955573
1523150641
843892660
345653603
1875458611
1192596206
1526824701
882172264
256428360
633623494
1400808827
1036905418
1290705636
309269603
2113715185
2046831633
552670947
708201509
329651637
745355897
1402582415
471390721
1615783508
331830748
776210520
1049405584
222161696
413777591
718314702
242042957
299165684
86291205
1088542400
1075873283
1214553676
2117007366
2023427763
1371756522
401273281
1765519126
1438888940
388608281
2067533070
658936180
1884939882
575300729
1690505974
801913332
753425106
284751554
1474195941
257546599
473733757
185806161
598418920
2038583238
148618909
1151189716
1864337749
1745948251
2002784554
1565526812
823322463
318473398
1545656941
2005508569
750807701
714099912
1216114213
1285692153
830871517
1015352025
1946985041
1845737565
245344449
1915126855
1265609998
902132644
251976038
545896171
1542786450
599373267
1165832982
738716264
1315231764
1665672505
779036701
418819717
1904363511
324977963
2133707099
1219083999
1900291891
148205229
190237996
1835223837
571589742
1420870194
724196777
1152131624
438181016
537372289
354702253
509241553
1624131141
301803377
481839670
2085415618
1851033819
2064059784
306975966
198552896
1345631906
1478762174
406507168
464194864
718031955
765967109
1816152805
2019426043
2022841909
916168755
773597365
1086105111
1670665528
192048605
975408273
2068377084
1103386482
907686054
1584486605
1571560208
52434333
912175328
1583155427
1119482886
1524759585
1290013223
273233549
1017670252
1137759510
2110229249
1789033573
1188855828
840512721
538658514
157863841
323376524
562296648
322168319
1213730453
1508904767
655688133
203897589
1553619534
1309186269
351998510
12768788
1592277054
334206259
668721410
1794264105
1895278124
1116406864
756329417
2059238499
734076193
984640595
1037126453
1334585704
1036974888
218016279
2048736503
1835891590
463293808
1528348151
487762914
1277917913
309810308
107966619
1054148641
617689639
459255206
1350485637
190660001
786012197
703868680
1156108821
320624098
1998426140
520669194
2058005934
1715560773
579929493
1495223835
91853436
1532009557
1456800211
624206396
769370835
1853192569
1271811267
1506639555
1548442437
1008356116
961629760
325780600
708414762
1234222724
1362777644
419958303
1422140371
251529703
497011332
760154707
814552976
2065837057
884089751
1616955205
171355420
1654003132
392835162
309564738
1756024731
1596745758
1105819354
949235616
333739228
1836862021
1562507803
1559444425
1605294227
1364293231
495475382
131948770
1973924581
2141337825
325755949
1815649139
660795439
480599019
619025332
1361192561
477059899
591442964
1965855352
1350518569
1861663136
725298285
867476707
1273617584
814876619
177458634
365503123
226507484
19281528
35591551
1379677532
278181877
967782086
1080768263
1688646603
1409897316
734985379
1075783536
582579670
396681424
1970434566
867030233
826361400
1815726915
602707095
622600800
156044848
1210920787
1893037995
314942789
1113339357
2099112607
1326618775
199642209
635241050
888783729
151395983
1875716166
1419371285
247908680
1857808683
1104393794
1855650056
1933882582
1742512206
1561377412
1559403366
1823824675
1138504772
1646917042
1218989875
1572870747
1804942345
615539501
1464275161
1727209810
21141219
358990529
737188948
262641678
1075443635
1632753402
579933498
112615706
206101477
328225824
1518882106
42091830
919400825
1018972937
523450502
491203312
427818696
14215008
1659069786
822224574
825726602
1589148024
1484328889
861963425
1205256213
1317419330
1440416285
206125966
1727594803
1514917248
924434642
687939277
697699928
808212477
1693258556
1527930048
712506786
1221803782
1867167900
2065497291
1903208103
2100919022
1292208861
1361942260
1020869376
1421505379
1850825099
1682625431
2075126897
1999954155
1092171512
1775033903
1738363003
1831709387
767408730
777849271
1562852045
2034941606
290883259
1282325376
1424765699
2021912438
1973215850
1400067205
1098540685
104186306
1731027157
1902540447
1045711278
1985823137
1831312091
269813736
1551231880
441400753
1194475725
12601151
1114557039
1103546820
640380456
273963088
178369193
2102281540
2062889726
251504368
1145457749
372661795
2004901781
1128913758
2824242
1753071719
285915409
1214152773
1593812708
1921792684
288999706
451498701
57789273
1348520010
2142152581
154796309
1055839937
761746760
1317127856
784983803
1030829379
1300911545
1273738207
759051531
308263529
808597508
136613906
333794258
376307285
1462968074
1671658393
23697746
75893944
951697542
1947995228
1618147379
1598617353
734065538
1020232845
1626007721
612883652
2117564020
251377341
2068423438
1145297924
1685031975
1903929650
1718316577
1889560811
1429249404
2045677986
2018701314
958214477
2032038223
382570140
1759645878
1362995561
671440976
125284130
1941355502
794048269
1498022163
468374455
1762472272
1140099988
1417341979
1834984766
1476993133
1329424217
81951878
2073306097
1817474097
494970342
45472477
1984646691
1856714433
2085655611
2132952905
1328092998
219854197
1612896338
1372952999
672628836
187405151
1535935476
1894762646
163295680
2139191293
1121258153
1783988778
1520173596
1316120307
829889013
1708526932
1878284147
879398125
645713653
250488423
1258890114
411426825
69057680
1658505800
174584575
1978142064
437531277
1911617897
1417849880
358895097
1692556352
633363811
1578456754
1749348591
1684466893
1238327650
2116449931
1585170133
291183093
2059788917
1274786632
1782452877
1537094442
966533412
1661737908
121946109
1518731836
1143876756
1270952829
609676522
237844113
1546671245
535779119
1024087496
2096227378
1997594581
1963154886
719839777
205255932
1682193549
1693568061
1861363262
1977998632
1498816902
834464111
1924004473
1370065276
1608496906
668110603
1662806981
1361250809
1942342430
1852700301
1335822207
1968221619
1330018211
668303152
1905387897
1020343355
1115712107
1268212604
1909143840
1179938495
997135235
509204151
695128449
1478246636
1670048635
817301572
1884031167
597449578
1237692723
1996570616
260511614
2097456633
348109889
951242828
1961180645
1957141924
1845339390
606362912
2008252087
404787493
293202047
840919831
1967541327
706499344
759243854
1396795987
716546982
1380387667
551135692
1471045307
1001411238
721609243
1333417568
514795445
742200614
1601054323
1262715490
2144040686
1331906116
1033434289
1131321922
890465343
886066685
675725675
1925790695
2030194733
1417973172
1188700130
291944543
1325389765
255792644
2010779361
1059927574
1307350224
1332115035
730165944
673317151
573704972
34618158
1255945187
1779606317
1866208895
1252975595
1766596617
2068537870
1411693922
531674871
1545209170
1016960469
1747399022
1260905078
2107557068
2117928814
977347348
966512835
579869642
1086048736
1930517069
896707631
725086825
803468931
1401486057
1027720226
1873831635
732893899
622877764
755188838
498099413
153813068
1740009182
81677751
997208601
981554155
1682390317
652898177
48688013
1441389698
1535161068
1245070170
857127547
418288031
798000868
1524806548
281205172
1831461969
690843732
681943519
1460969064
1115917311
1955495408
628550664
1053964205
4086206
883543339
909803455
104775611
1533514466
1905133576
1376922517
641277886
801203782
2023366941
1789424416
1790423870
1035387964
1116711685
1125628551
866535990
1394875062
969166928
1178537899
69078408
1867069151
1583081420
1919548400
2106631177
663645716
32184433
1616554433
133332588
662499042
2120845257
70798748
1853966119
1377614779
751707495
903933006
955257153
869165692
1222758741
2002263789
2024407324
1892751721
922287938
725189253
434094178
1724997487
1507225705
2140272209
2014872024
910532481
1444773848
373714819
1084172633
2001485450
1850394498
387190493
1729937104
969519108
1278383612
1529357031
1705483383
2099586292
1577424852
1272046083
413958520
961351833
1940163185
313637735
919830277
1404455520
1836831916
598018684
1720364886
553097515
1856034684
240547720
1123511063
529983094
1572213840
1660554003
1499087024
1817441721
1814640067
1559844117
1096779955
461496940
893308115
1430199504
869841463
1552057709
1157266699
1927588629
647049059
756106467
1175232510
998875763
1577408511
61700689
1297859751
2121430927
49265426
1933130436
302697460
483923674
1203875268
1684430435
2078319078
1373400026
1949163047
229316513
572217360
691864369
1987095677
979411053
832195476
1955020437
1075087878
163718102
376089726
398003628
1310110723
1702735720
1842071506
1637829510
1935399239
742528606
247256225
1549751874
778777717
518063359
864164253
723468606
1298474822
636809181
994074989
1799897445
411329204
48036076
962499439
441864290
687047367
1560663857
989983028
571738145
408298080
1483125328
286550828
1820313158
814017213
1818318427
743048816
1891920639
2080548409
2097522494
882224809
1256468698
1329542400
407310855
1677658558
997163310
370203733
400420251
2101643020
1342921282
2073555422
1609975231
399129990
1438441457
256034063
148271768
1932781948
1896700738
1982970976
616443631
876142187
1811878313
1009702520
1025570682
539486843
2147132836
1190907044
541604375
101432426
1631570776
3500637
1423244988
1192410489
898269158
2011069875
238847053
2055721206
1491235472
1962565257
1170001871
955646594
1200008690
2122659056
873225844
1545242210
907717731
824351576
1545385574
1001771470
1736748536
1090198150
904368026
1921865741
870168924
1955757584
856852880
1788178449
1635609592
1528111516
35543191
412721683
46741570
781341725
1396177317
51431810
1239470963
2016653990
955421285
1349905132
631832370
1377233037
56068553
1170173728
410452692
782062654
1037465461
2077999487
1619835432
828726209
85954490
1344998030
1204276578
401927506
1181588676
270506678
356823021
1387259906
166462273
224929734
2055708712
1986112721
1754964522
1278731911
1771021119
1897647017
1761399374
12819056
2031977387
1709793105
425378784
1653372977
1151352349
867428723
2037760948
734347524
1587528798
155972489
418816565
1482666652
1971785539
92290884
844261527
460878258
1338676486
1234461529
844437656
250528801
1641675529
580528202
1575958334
466428191
1011967620
22289282
634920718
400944434
1283528282
816892524
281262623
351854118
1389778952
69168832
911150224
1071678720
726704561
814766709
879443598
597518715
256382383
1835280259
11557464
1851331761
1719241874
386477540
1907252035
1440513843
1228280774
1486525034
1058264546
765437806
32570115
1375803639
13691431
133487884
981344390
182726684
1120270397
493913997
1317475449
1050326117
1251705243
1297417815
2084595524
348614595
499742412
1087957982
1726508527
1648318775
192532593
1935026269
789009418
1308800269
1597735978
1100585611
1519554945
2080182510
384060912
886726594
1071342787
1049458068
1253962148
899825336
233182973
1095711315
1217143696
807873337
1799823448
1668855911
1753527195
1781805334
1206299845
1656420761
553896485
981705130
1837459112
2093271019
2023367595
1860670933
1220068235
1139251412
1688780702
263943308
1484473155
2017694587
698331814
1610044622
898440887
446493088
1473731818
2095085533
755439161
185274421
338067225
793302135
581962224
573385068
1698492030
618467224
867768575
1331848234
1755169751
822393423
1872147675
1888947142
1935722547
438890875
1680220018
720048563
1744620709
1701371441
1590945166
929696823
1809039501
2089498601
1454816724
1528545401
2104817174
684823474
1956900804
1829078636
1447300398
1575634561
1411489613
527664158
1328755805
695280158
391609383
1987894541
568892058
2106017525
1535586544
1737039088
188387393
1234694891
1236406990
1242915176
1163324968
255902912
580786462
1059320999
218551936
37403068
387857561
858994868
727232721
2146006117
1895418742
1711144556
425845491
1964924556
1132427499
329017354
752174914
2084439974
1802584299
177172755
1689513773
2004008146
2010414197
1899936412
1656351007
344788779
1981836679
971317826
427258590
636214850
1618312159
424182500
1209664439
915270947
289958630
228468271
2026873725
31193705
150823759
1259397283
311122238
1621359382
1048597819
788215104
271678351
1256628568
1506230904
397290606
1974201960
618700580
2089318221
859724024
834615929
1916090866
1739816059
1702887092
254321891
1295374078
1576687158
1093634786
1130436780
423969428
238867949
1727143201
1534771375
1245012451
1329845396
306440602
1007441878
109911382
2015630330
1690648347
1544705997
2029011731
284330774
1331528885
1246884282
1075166206
156705465
1203539021
512652668
734040116
845515154
196325451
565074518
592627880
878972830
1464093887
128855122
2085910440
157467292
1340384228
834321849
1520432794
1477161997
1739340715
2079836154
1354353844
2133922620
405201960
780010096
361265543
1521313469
91400550
1110195770
83560684
2115486208
1021898996
652315388
1698240807
1925443292
926210859
893491553
1477973048
796250961
1836826975
237789705
1719470680
134964269
1300230488
1724680939
1294061839
922254024
1809983443
1599849327
2072086457
1578037814
1838424493
500044276
44256920
1560932658
1791375101
181855978
1685612613
1160259862
12049654
2059458177
1451870925
909806204
232788391
1926241944
557763958
682890494
733239294
1356594326
369826374
1967708421
880285750
344574168
1610665045
1660313248
858926948
1268946932
462882753
1517499951
616925336
22846721
46407334
2134905634
2136273713
776155691
2143273942
1443007087
1662758772
391387940
1521882820
98343343
581639896
1635769612
1130540822
780649203
782373591
598917060
104057413
531395547
1918299694
354769244
2107617766
872009603
1189354142
166905224
1609614220
870027175
1862828916
1847657052
481554636
1044976182
814517260
165983590
1166055683
74676464
868241220
447288864
2123547163
1028809176
81754194
547879978
37265079
254555057
1094315421
1928482391
556711307
695031240
167581018
1694382164
315555426
1597735819
1463647116
1101466902
2143937403
1292054961
840453802
1375124803
188938228
1817796846
541842675
1627315271
515801604
1628265910
146076680
1500816840
1027203461
1899052429
1232627130
494547385
1037553938
1094032882
27188566
62857078
1241556684
611924148
523568122
342304951
243569236
851697175
1915621114
319332316
465917712
409289906
1545081039
2044261647
427091363
2139620177
1712437964
1556058207
314469982
1057223650
1571393864
1855636089
103127750
794256305
974337781
672322804
2125521496
2051180203
1329333200
1043817179
1097366937
156181948
43396704
1408634638
10824796
27786590
1809684263
597311329
4680889
841776851
872312574
1870873218
1232917629
923650569
1579442977
655718931
1960647124
1129680478
826829893
1712298753
1294229547
782869414
1918644044
2018018648
1711180012
2041832608
1279496535
2137866873
1145612637
264401620
827337800
1519044499
497205435
1805649594
864112285
1357090302
2011130560
1895889952
141935952
1608790721
80337377
1822347701
2088436055
211812750
1480914283
694760537
283364818
384719839
1521715078
28843150
621422642
1757791741
237335324
1812480305
767344768
1639636102
1763505186
1760196010
2050504568
414746096
1960737175
655465048
495325388
1368267970
461030954
755339349
1427040351
834722962
1558733242
1096174594
578109217
35585865
1052234720
269536584
1352150467
106253065
2026964364
705886029
1627327904
1402334965
1873195718
1970055180
1917640493
2008726233
537337188
835746995
1658372029
82835849
282049961
832998593
1472019157
1887333652
1747031372
1539262162
899356918
1001445058
1519613935
86575191
348981683
1262433857
1579467686
619690349
459900650
1409587584
847552257
1534404338
270654886
902023236
1066816029
1188531035
1532450520
941090182
1832259751
1284075802
713295632
1443642265
1838010395
402492007
2062260081
490012847
1750975936
43462410
69794230
1975765084
947394009
885287270
1788639038
2063632035
1313076192
1226745014
375516104
1616678390
787497820
167778220
915487525
263201285
644942788
1147267540
971654236
1185569565
951145736
175380429
727910105
692839664
2055010241
263930374
414512394
1818456540
1925234432
1189620521
1696909541
100780996
502288439
1583694754
762609852
982296391
1498064006
889534677
970707978
471032256
301812782
1019420944
1746216385
1439414303
1089940771
1767363715
461153961
1523754762
1699231891
1804949065
1381756806
1516443582
1302753351
1883999658
1460108005
1137606188
1035567194
1228301521
1125945079
381774637
22695095
1668685467
1930075877
270130665
405251543
2122265487
1043391426
1133694560
1543374346
492859542
1068999232
76831075
757936341
1748723138
11705672
1485792629
1484506496
663939689
1775732695
341498459
1645845531
1224247034
594410862
607644209
1538905535
976557116
744677993
1860800738
1285468818
785531101
108865645
756536071
1568559982
1072763361
1556599510
842124320
2128412876
866598325
1133047195
535118320
114968783
1877144055
861916489
1201465738
57666936
678205040
1427315470
879131256
2093617877
711697483
1698589465
329956739
772620327
583810274
565362588
1319288973
110082238
596893089
807292461
1324097759
1269609876
1191950640
53452051
856382774
880749121
1689778825
864980400
1801348382
221057900
857689438
261632474
1865941370
1541428643
904199079
1558717099
720762032
1891704455
289754892
672163418
956499791
1940688352
808210019
1529116020
2028205747
1372446621
147007121
604355159
236511310
892078970
1187063959
390162713
748073675
246329585
1734912266
1275834985
1140641177
359119617
989017236
80603818
425436979
935270870
146314963
652621962
854535296
1053008051
1142250081
778948632
449873061
1025315691
1055068314
1513849922
286355304
699385812
549342917
276487686
1750734554
701007694
587541891
263856435
402028927
794821097
1792156761
674653885
613681688
43719703
1727395963
760026050
2125852730
927463894
45337634
970266439
383203396
1260991933
799781182
1776768882
852446296
2338491
2135941589
1469454602
1167092494
1902931916
1221486190
2113123154
575507692
1999915409
289230747
1537221896
117348436
1648229527
215974516
1489335918
1131072966
582323225
1136856430
1046569164
1706478363
1047814361
1058615735
34462882
918505486
856919457
513077286
1212487409
1950391028
735720815
1310167215
744358630
1952021218
2063738302
1494083505
90844119
1451825204
1082023619
757310365
1362571145
738345667
79395449
2046080822
983958627
756065240
2108760952
1610318133
146609779
366099229
90704824
2054349987
1264592308
895089549
1733986703
1197636020
225948591
1935584645
392538553
354479102
475370122
2051159200
1825641011
520937966
799244608
1183082593
1139453199
2088702616
812641928
67447532
1950575273
602156303
1880927984
1512387784
1029436340
1649683620
1287643724
1785738371
1180555438
1292686335
58760564
1679391468
78969411
907311341
703514388
423761848
1215821452
287145953
643963039
972539657
495141507
468661486
606292768
1565872720
1451653504
2027354078
1006822152
2121486713
1165523570
29441743
805568274
99367678
1756719015
1440975600
282394562
1393384474
1416186736
270810942
732169407
1180031310
383490555
1226372666
890239533
338414345
31280895
234853081
74709845
2003638341
1368706748
1742493941
831614648
1263002733
2125947292
1134976136
1992366575
961373794
1814684441
786989528
819961838
771334856
585637338
846531910
1789908380
1494144570
1736943794
1309389117
1029792343
599719047
1047675208
1680472851
1870258247
199820502
319413302
738501445
1253508596
76590037
1158191695
185054286
946100014
1348091670
426559009
554880607
1675586703
1903861291
1072140469
1313071382
1927511477
2135654429
349621120
1770845915
1231599167
2094797701
759448088
856042586
783503853
1081171758
1432537661
1626578834
228844225
1760642965
1483388686
1007887223
854150540
1361632847
1377226111
915409403
376240413
384575897
1639149252
1570214637
1191520382
199242910
1578287468
1504728625
1006949253
1137654862
991544477
1653886224
530436121
1051087136
901737013
271384486
2121880051
903658071
1800217793
740914104
2050102693
2028337010
90368762
295132686
1448294858
1057427612
848375055
1898167996
1740847203
1566859972
686921552
133060687
524525799
1519445303
1452271912
147371872
755491500
989865133
992076940
712455640
107321802
408713197
990172342
1738340392
1958128387
787333463
695432904
2005186623
1188383081
1242490289
1064808630
862809263
873548754
1121070353
1145252743
1786734011
1006339135
1452738896
1929178420
419927758
240497055
1304085111
1263408287
238768618
356997776
1417861973
607153129
2057831793
138889117
1378205183
234349101
1555858272
143034200
1313698194
1770690154
1740007511
1353437001
1025741504
178603329
752313151
31010353
1747527616
1422076714
1659256079
1216993125
1226139366
1079340961
1500366490
300002838
1688001381
1166641779
590884035
1236051543
1406065715
598391893
40955279
1908592189
