68776985
1863630613
1528056593
1240050156
1164080484
1496242470
1815333947
876647501
22839633
209194090
1452099227
548970671
1565338966
399886325
28606868
1906545024
1881419776
1144247323
1190123201
351990987
633800178
633730544
1982510621
1683489903
1331744600
1286737037
1329647363
1308446136
1924621052
1318301407
64455579
1591135897
1749596186
1832537454
238284390
987138700
1867706126
1457178298
1390621314
1189471874
1973958095
703498630
258461452
375211574
1491302536
1549147192
908396116
301384068
2005567474
379188961
602755991
626005292
1370841547
915039989
1143006372
417368166
2061511271
903705943
572080787
1915790012
1315438313
2000381867
789151640
728452088
454609804
278159361
1396536235
80323665
39191246
1669485343
937568125
852161128
1517136590
1274280784
837128513
215235709
1506838907
13381735
870888261
256036844
258215895
1585753655
327877432
1042079400
315261564
457944060
474918135
2004436931
108730053
1835130334
1038413094
1384854088
1498073484
416421915
1373258001
172001931
1377882860
81806381
763927879
101086935
706861811
1156019251
526434228
603415330
364688747
430270834
1524324869
1840885094
792252377
835236139
1310920384
614917186
645527199
139880624
1693291530
864727906
1293544944
1842675005
1346797750
1650954902
1190217221
958474709
1358082058
1679832282
621204988
978590382
1574796582
430209191
1565142092
1929634314
233151726
1262504523
1840102561
1795840516
1219664316
1190963187
1639383207
143194521
1508071664
1189853183
169528065
1081823590
523083279
434952393
14299644
260095654
1325489702
1189087176
603030233
1524829132
1307913414
2057354132
685300205
53867011
837308638
2016168212
662152782
38425462
1107895113
1840418033
284168627
363549934
216571311
1379709812
434636965
1746667853
2006222534
348190098
1908674716
490294368
293863645
2040039617
207899966
732465908
585880502
1072021178
1454909403
1171731632
1116541925
202251620
412727794
2068863548
1563728985
500968627
1205622446
1817701669
90924056
1386529745
1022500228
2046748805
1337925316
1455146948
567369809
811499999
1517382642
230575160
965216271
773762967
206650842
710724560
1606827595
965384216
1260804788
946186736
9294106
1381630915
1953252848
894801099
1352147206
1021226366
491429098
406632862
525274859
817979753
1021189494
52036273
2106559524
2064620192
1120396136
1913148327
210943267
1562168494
2086129120
1941844487
758013076
167122999
2068753037
390256262
2129739572
1230121108
881046859
307561375
1145116043
144804202
1902600364
96842761
960837769
38671235
1984485255
1914123207
1661649625
1061686939
221990127
1231026314
1512209396
58294958
2122440540
1063755448
342078908
844391349
764943482
1392235295
1118090048
1358205203
1677226516
1046818696
960297171
467642924
1632252093
183474966
742305223
1455540024
858354389
1893597916
1666539863
688515851
1499732845
172525634
1940771233
466663872
484069069
1998710072
442779771
1404510615
173287549
1838813107
533618148
2073483706
1477003812
188762477
1361380106
792632585
1516505171
2084945532
1889239768
1276112458
1284533976
429997032
323531009
1049390278
358623021
2091863777
1331006727
798059970
1313836060
831300570
1378115699
1572290540
1937580320
1224141483
1242753138
1345225291
2126564520
749809373
1678591584
761425676
26784758
736770437
365406135
1175278717
2032323410
1918193697
154696526
923723129
66015632
99198824
381793344
996551140
964369401
828285914
353257353
2003322341
1405059377
1386319918
1746127516
1092875187
2034736083
119743935
162986792
33947810
1582267627
1687193141
460339671
1130570180
650163305
2095566413
1113665741
1618354904
460224987
881051190
1376567479
1531447797
2044017515
1413240573
1235938152
222232568
972663614
386659778
885544451
42246217
665429350
139209373
971590458
1948751603
2029144613
1306046210
2077366542
126879052
1209719492
1926828038
307970233
155302820
601977095
776215724
262618446
477814419
106435765
1569333117
462252404
1792444460
1056365581
142953081
2108436140
1598594120
1218943911
1290711022
323588170
1493916168
219188757
9524119
1730593824
1106002660
993740851
719141329
308240721
1398530132
1521826215
1743938790
422128189
1783142736
1234479757
1989854593
1072872686
414714788
1890231183
1431836273
1835122251
1102406303
1999643674
257621109
674679555
642426236
2057529755
1964557860
1207653574
681638880
700140282
2068412428
1021968303
41361726
1193505897
1570107103
692988446
595398701
2090172359
2101456403
1696769648
231567006
1103225493
1787292127
552129461
1441539763
1945632924
719284666
1713341817
1765120605
1936973849
1838202618
15532935
1243535733
1771322104
435985041
912971012
114779559
1701721626
1164502556
1545867088
2026171312
1045404986
1404883140
1707022021
60379364
1916842433
1290751853
1928786291
1205720149
682756926
327667723
1423140675
542811080
999827469
62550063
964758039
102938037
1589710168
373945811
1111642585
817730337
1432401660
243408157
1626370896
1320312080
655738038
1912259166
1287126815
331825262
1915670917
530414642
1102238209
1206338644
437426596
67319736
563667493
2039212597
628651718
2058778995
694254248
1418045260
979872174
895649448
351729467
802978833
1802537121
708221413
32076350
1590787337
1132642393
1474610235
305701351
418355983
593100991
350230277
385975531
1468540004
612902778
1185998147
1530562761
1666166966
701790766
308314522
1503079017
1850813870
1867598674
484489448
1617138793
563561884
1664112444
615329955
878170201
83566836
391598936
838071778
1577200144
995209027
1254440663
549749971
1872853942
1124472607
1253162664
1398900603
1072004095
1319856823
1121867459
754116844
1070808048
614088894
1591565048
1327041342
1450656351
2053115465
52459275
292300096
620892460
723173173
128672665
374092414
1801547604
282256613
883273880
1115764417
649614073
1126405985
2035277061
1286928632
648020718
430165488
2079203254
160148946
1368679881
1595399031
183193231
1080038405
838718872
1050708678
714620670
274269246
1707946404
86692163
736464783
1152778456
1184125668
736788379
2079219612
1353061587
2012672897
2010960811
1936930570
1548228657
627962135
639664731
146255051
1629336931
514902583
1443857030
1768590819
1509838199
1159696787
2088306933
535104362
1466749951
708140704
586348135
47040090
1806360374
1803288538
1130579905
1185206791
265735029
1583024894
327599907
1802235853
280671261
132596558
1305889151
85553584
570656429
2082637970
862021592
657417109
1502752040
460017620
1689423987
64296722
1592773159
1933907853
682957948
32462118
216299566
1707258130
932442946
1587530315
1857612384
1676031804
1927149056
962669954
1724084768
2113231120
1751248008
1164964229
1563711966
853689870
1457300017
257575848
1000099689
993619907
1842563368
1863187442
277579144
115176414
1533013594
744122696
1471804075
1414541634
1763298316
1651746666
565650605
1837557913
601937601
1251422131
1815800092
1901524094
1519214502
1478401330
652276685
217414081
1390491607
579590066
413728147
475609444
379986841
104465274
735182483
205175167
448241663
470858072
384242606
534551189
1432342547
848087005
137260411
1486544322
814011871
1212677403
1234959614
83673498
1492811159
608637224
1895458185
1198023198
1041390437
2077982375
1742369447
810771757
174571289
1489419705
2068094523
775142325
353816734
1021454699
1868835566
557933771
1527598721
1370555454
218499222
40568826
179646246
1703825437
1550789116
1241718676
1142391182
1861319531
487217296
2124888892
164740173
1278380460
1506372694
782424893
1620305202
1999733395
1383548883
1181324236
1487252748
832246838
282940787
661373636
1239141492
1620780332
259635918
950725905
429194287
53253778
1050721055
175419339
93544530
889233601
1752255923
1950188025
1639539838
1584016290
1319967591
1395009259
681127255
1095279768
1831958752
657416954
247438184
1330461338
1249849250
1097389238
1346590115
357613746
1909253163
865834615
579852159
10298732
1536745066
1830828243
2104744071
7148955
1461707496
586692352
1445585875
1342510586
1132672385
1046308953
2047122434
743791187
202963472
394981761
1199751561
582878384
1072212474
580551823
289650518
1559022329
1874237857
329926067
261802374
2037591916
287459078
456314139
1541262833
483236577
827283299
208374342
1333184856
1396495634
569735130
968650633
789272881
650043522
1506803697
561731385
1626347189
867034600
166674344
1318803664
580216024
957529923
1855543501
1797885311
1599494401
1824905887
1186185448
1103648660
223607567
1302940660
63124898
765930437
120009029
668742072
964546329
80466604
142450196
1431774014
564492239
1767149374
1476787817
1109296242
1350481419
1607117135
40109282
642052302
580920363
866780449
544102115
1208622727
561092607
79213098
1442181987
235862164
1171764042
1070455120
1232859108
1319196675
995155445
1026796440
669352265
821818967
1425310297
812603073
921444444
1698706417
245291052
884236800
889435062
822064713
1235705617
890110904
365310832
2080005442
20305807
950894099
1686970957
1691771412
1656657021
87663612
1083311700
1575512879
562648897
1414218373
918847499
1742729487
1114756259
236112068
798038345
1546853099
1782881444
429174647
2134555097
772004071
1666463153
32032536
1459708407
336278269
1935001004
1303866189
1419035240
451861522
1367721849
1304705849
1793113117
1349424784
1622689350
1978753806
567191244
1162490441
842380592
1418466185
850105774
1769594481
337965864
2123430303
134733576
1982574884
1429865003
1704653449
2032238132
16758761
901837527
495753877
1674978506
501758710
1007942412
302916908
2074619018
26044074
2117949717
1300503209
1970348639
1904711349
1585736118
1693508528
694939176
224922155
1727852985
1437303534
937640101
2140010693
2064874586
1613317986
796506162
1377039711
674312060
157900345
1438794387
701005466
476506929
1825397652
2012344488
1453232583
2128398777
557631066
52487240
2049596738
2091621313
1610852200
1927349642
792774703
1074128746
1368430305
826840633
1728729208
414248899
560997896
61830356
1128338490
1479376721
677613342
217176974
1958236986
591475909
1419801383
2129365351
501312109
227576349
206482369
2058558754
1111987668
1994232129
19207867
260548632
1795214496
715562247
1428824715
903197302
1712628145
167439965
228895245
1827588929
564516372
620737356
819738472
306996730
610743249
177782049
86545042
361095742
2044743261
403574705
1251007824
1698767491
1055881516
2067930244
655708380
2064186562
800188541
20920050
1759280914
1988186449
1127871721
1999122681
756316870
1137411096
2053098892
524548240
870900784
910860716
553400091
1862977767
71459756
266962951
750406485
2091105100
1664718027
1552063345
1384899967
265308197
1839139430
2068978859
571635179
734014522
21227192
1448432041
977055170
413507747
1653181057
423158067
1162239306
1469411226
471417878
41253477
1310332424
875609128
1005032447
958730552
513922751
1347590220
338590768
1750474868
1220559077
763196763
1486323888
1113516663
1694096592
136634383
830433613
159105353
581184151
1488162951
410726476
346307740
519399119
831224240
798865373
1475215276
1344989289
1352259802
2145462184
331844493
1298457903
1241207208
628178210
722633542
1579439740
915828426
1099061727
616717468
1058101105
216528007
839240293
40720909
195802058
332000172
500819377
1107405416
1594337130
1737895928
597793743
1853691410
1737363454
1830978898
1429052765
334441371
1757475000
1456369328
1657567822
1032402189
1020089418
2054804211
890797459
748848174
1926593113
817363001
387342233
1764622782
199762812
1779053214
1547109538
566589789
292895209
161763641
367852876
1183043107
927879150
1109162680
149729354
715584000
10176562
884898839
1668266949
1533596612
543905990
562551094
430633245
924532647
1267749712
1160486378
611302571
1746313439
83827765
2144560920
1086998534
1780732654
765937002
1233576277
1715023598
1742475019
1090664923
543815859
1956867192
868514596
1100769658
1518637676
576252597
1610073862
770200858
480949337
1395145692
1996574709
1288426545
2075427656
1516892821
1816454468
1876272855
1541157599
1779274510
2137146982
447558568
1509023993
1632946270
1493115380
1335088799
1279800647
401526523
1263678027
881638805
1192451593
1547986271
1874982618
1527927310
1659849714
1625303488
518539211
1804493485
847092569
813848998
332016367
1929206744
2132960772
1712238376
540952857
179434395
1498689662
229176451
1054992336
1823962501
762979401
478799283
1055475669
533206775
1008280921
472589673
1531843085
446088147
28362997
814619080
453526094
110780380
1280079109
2045198504
888573348
149369268
11160062
784897949
1605035762
1040770896
1123171240
1726447547
1297396745
604773715
769213625
1115659036
1699912756
45460434
1051903966
2062939032
1652710390
502477959
1782035265
2145769107
123194927
473085259
485672328
15341932
202315144
1306588264
1247048668
440423368
1168669735
1046353870
10664243
1964182656
378486553
1668750049
88935642
1993781070
230048812
198558280
621431956
702881914
1030886637
1955687733
834152479
999846449
1396603543
1327204018
1886415321
805714348
749991193
1847334839
496649268
85556392
1580537729
1018041626
1725202274
662097614
225817801
1092319399
324647655
692957427
839166916
1630759153
858184417
655941328
879660455
1118514022
333601324
563144768
1345628644
1305232408
427774120
1343764943
403079646
88226970
1706200168
206976396
249083651
277178718
279533940
743253395
679469467
1065256602
1991909215
794117810
1369958478
1964276990
927882917
706089978
1547810225
629783673
1650703250
790771414
1338230330
2039791726
1787958126
784520387
442601571
419803911
1160851255
877936221
840874005
1362012962
141197927
31820776
417436404
2068865350
1827821291
1991740584
1982839822
1717087358
1016546993
1421553299
225011522
1935710540
1087240931
1613527554
156926826
783983752
2024137366
1961283283
1573345277
1123064015
1381795869
997306674
585140390
1454730493
764737501
1113049095
670404006
891981694
1577350225
1640651690
1326175594
1322026150
598350273
518882433
712773649
826268498
1805681101
1542373763
804029826
953832116
1017079533
1229959995
962863889
633253831
613019379
2130404485
1576396661
1628752790
978690262
725447097
1399433708
178675744
482207290
42702851
385539184
1654093853
2068464068
670805364
839379102
1899309995
1658550395
1484194518
49244237
2011065724
1585013980
1414057697
247792745
1272529269
48728151
65104210
1346407156
338992768
1054184544
600660347
1730137511
1327199651
40818903
1554019868
1844537164
1961524778
683762185
1810321710
264533262
1318691925
5900950
1487876707
1935333782
862665126
1730870780
1107822814
1793773619
984678506
1266557349
369761489
880873050
1512308984
1425206828
876052201
1289995777
2055393377
1959693869
1101400901
386944500
2123367541
1593697307
2056310903
521053671
1371716399
785757242
991658474
891424726
528520565
1748955848
925273553
1984634044
1695797220
506373337
1546704584
822901749
1977941784
1873130661
438612262
1644382470
2047058186
76922778
332343517
81334221
678445925
1849238828
1049994639
446927288
1286182793
1026516493
1759359998
1648138527
612163416
924613689
1655159170
1512829198
115342842
1981857038
603637960
39889235
416170998
157508187
2025186191
1160543760
1239036568
2073985245
1868350484
1723977096
1801973803
1384462793
897715922
612118316
902450835
566471327
312834501
1532649529
652569985
1600726031
1857750493
631660239
525841468
490399307
2056999407
1593632137
2125018591
1866916913
655633514
2022265609
1777357425
2024747821
605818782
496387600
1009919925
1863181445
1082809092
369769882
872923031
1516421619
63338580
1402460161
1519165722
297146924
1341908064
1093454513
1490707269
1948966792
1469770802
1879284648
1263853817
1318991153
281647993
795817182
1543290959
790475947
537410494
1456872814
1276413869
1331987678
929803478
976904580
538041262
695161518
1610421311
1730710767
1081117625
1475570751
11062118
709591429
1496134370
608022514
1160568572
267375678
154186467
2104231608
1141489631
984449398
1798557928
960213735
305289711
1686601574
2073833599
772986358
1402468479
548236100
1924032836
1773617756
524747946
650554665
2129347871
1985674670
1688358740
1552963432
1136097358
1830790883
1022928645
1945374711
1696889122
1803061118
1627262201
1133084545
258065257
684741853
26455452
1988741787
238219815
4570205
105216606
226718110
1314873979
887285959
1341309913
201916452
1905544633
182937288
408753263
195368854
653957827
1622822022
187819788
656055077
1556664449
1959475329
1794254527
2046191035
551951528
976619111
1486218432
2098897231
611797024
788423334
618383491
1092037964
979314180
670067627
1637301750
936295341
468055942
1671593928
763605480
382171819
929028915
775504469
139371552
1194187615
2032760155
543923231
1360473455
573460052
158000406
84834675
2053281311
1050530530
962295250
550460483
884680757
277158922
932719372
1145182423
603574124
1364536771
526627834
584031827
905816418
1026982294
960181655
336697532
421246390
1920040670
416580731
1846451
548482049
619255897
380013079
452531786
1008939158
1745659067
1048077007
803205991
2017260796
642337416
961148300
293268927
1351482438
2039596378
1271404292
554438081
707290866
821267496
535651123
802267919
1269532489
1742105392
1404874574
858341338
606914783
511832693
1777652993
1902677394
1800439722
516534837
480280671
992224804
675030335
1798477367
461420165
1670180480
1908247731
1603535492
723928628
805760277
790782518
1456151517
1341952742
1176963900
1653473198
814439854
1133813427
717821934
814251424
1356938696
838147292
280591763
1912938286
2102235232
1608356595
389057055
409179468
1271219946
1607508708
944997739
102144815
1690409467
1017598363
1938173639
768319625
2020926768
952706445
195884778
840531792
1377738583
770400416
971691173
24751144
388303476
1668468256
1434966228
519766958
694633521
1894137265
2097999956
1332429362
120691304
63082136
1248458549
909613909
456099404
168785771
874867009
1192204905
1646956365
1330827834
898324705
1848386370
1041519482
1672965848
1735080452
1345170780
45092801
1181997825
145212885
962499628
2069722667
1200167679
1828544901
1181412112
1576013963
1294790736
1713814363
668564057
410043889
1262290620
1008722328
1061192392
814689540
1404661301
388577956
322367143
129272359
1367432210
142460398
445466392
468711033
1211327915
1114664936
1387999003
1787107111
1180363775
1119911781
1849062289
1904798767
409298383
511493073
396909063
2093879672
1164785879
1136512518
1148819906
999192117
1709803607
343316937
656657123
815160662
300825647
252625613
793264780
311738195
1807652468
539303407
1240450111
1665453713
1087024415
72239512
1006830036
401689128
754950437
956511448
701260818
1096576131
2126586657
1195104986
71240157
1294590154
73681287
396053112
866418240
22686908
274804102
2017764771
1249490833
1261967057
1371163728
1927417612
370703336
1174662128
134706675
1390944029
342161821
1977178147
433301458
819019472
1953233512
1284846230
149341935
221782825
1456732354
1134673331
78617275
465094048
1353051836
1364455246
2139304348
1287373465
1576940506
60898692
800301462
2092983014
302439457
1636335521
624405277
2013296172
93825978
1131748699
894139236
386664765
658290959
1223636699
1560867647
316710107
405771881
1560351560
1068159456
825905014
2137686308
1775896459
373082223
353942347
536359340
953869967
93998028
1424538289
2138087722
2035758859
1570145227
1737890295
717108444
347908825
2021258780
913643548
251236496
289173330
1622990542
1625853594
1479075419
1162742589
1105768350
1966095180
372115631
2034890701
490197939
467428698
2028082788
217256564
958551973
126576898
1603744006
1307595619
119888307
210432530
926611872
1434573598
2009233762
1437645589
742576874
390228456
1384844346
1132682552
661838287
2036971479
52178396
259260853
1024828372
181834772
358185885
1632092033
636009263
555581402
98495254
987690006
1520358484
475906710
2125164646
1811150140
1517778086
1893391878
861732227
1130155395
986694702
1234962299
1298727822
1341907221
816160330
740397778
617896480
1506826020
1153956410
1107455228
2106356594
198436051
1482749796
967657129
489660967
1573827271
1893035992
1622888363
733525163
1154554827
1099513490
1608327360
1632824911
781840774
957081128
747500451
805416750
1450428764
192390214
1433889349
1936616535
1716595048
1988417983
1980057918
1206192345
75975611
1733670933
893180540
1863565395
240095501
44248549
173122841
1972308678
874883948
583622023
902474394
146806673
1473628295
434308789
741745505
2027497346
1077792614
1695545938
1515218228
58825956
928663612
150665106
1280660284
1759438775
109443561
787808664
94010100
604130157
1427319395
1898663512
1915260252
535007381
1520309737
664295663
909334862
216040350
591555644
1556689739
70183850
302804362
1736816653
1427905174
1595314330
2080932743
975906233
1876201537
2005170195
1945414766
567369295
1316385257
1955183401
190788863
656169150
1224525662
1051603208
1167895092
221495962
556297860
1619795745
687515479
647665962
53853319
1855021355
851197184
2129445202
1879564231
848313681
1648004604
1864388842
2096124730
335879119
1781118434
1937169594
1686121292
52948203
536363061
725587184
62790766
1452386624
663881796
681486153
1122487600
126527581
968468065
1462020348
779977124
1866182886
148064014
1718139318
1432365758
1953577902
38309289
285277923
1022870291
754017047
653990172
1747687360
316194099
454669557
1824248660
451912960
1488774989
891370195
282418982
1233729146
395208827
1626373895
1397767338
1498867373
1388424506
2142920769
570162694
99961352
