712223346
108234354
2138161011
1963046147
93709713
448035506
1563024673
1895649525
1684890727
724863800
2034940231
996580201
860336968
1041579526
1744619496
99427832
1115456107
793882443
2040912313
1692845307
1780083204
117442335
2052782714
477248592
1490794744
1732364132
1742653431
835342817
204188677
480812167
1597136642
1261939462
1312050690
430168468
305730062
1770416574
1603903398
894645612
1344999531
800714744
800165875
363288036
1333210931
1858154117
1592139424
1239001493
1614225528
1756227810
161139146
821350567
1819528230
1162331410
1933800217
456350569
2026870933
1474484158
1872293881
957987195
99329416
594715409
1343533168
828379396
2001073955
277287151
1918366269
388110153
630834674
351253632
1725138593
1210353750
242576902
785878692
1646690899
614188269
1805765591
653158040
1609744266
1911591305
1901924643
1917866543
92480771
1574690143
1701455340
209087729
1264921581
121055167
1951691993
1767647697
660670446
1934619614
375224012
1552145424
1561050520
1727768162
675276960
300478839
628704731
990403498
255094672
913782483
1319276039
967956759
983841283
564396300
2106867004
741436570
1070858104
213290013
1013177550
1134314284
518667867
1207306052
414775311
251448900
480001061
837284190
852062837
92308800
402413373
2030623177
1039220021
2015795424
1179551368
40239776
1895747639
2007775072
819073055
1650795185
674121979
548986991
697272663
143067228
1242802894
413014081
1866608547
1771293042
1467553691
1832349137
557154771
1667793806
2116591311
118343655
767855913
1311870687
1072619294
1751337105
239791801
1376424703
661186461
1651237533
841847514
2076351290
1745783030
1251543651
1735739272
1842908454
1657963480
822571021
170969914
939989260
1376932638
62816944
143837571
1403638459
51700230
532741846
966965428
429750405
202067218
1014930791
1041719053
1026350134
485416434
1070358224
2098650123
1467004525
1959204313
176016226
2038757543
51937851
230993120
531988115
1889300923
1684104520
1931211312
501054705
1487690115
663037621
401454813
946665821
636011737
709716863
268669239
1033469101
1689748865
1985173348
595567175
716876674
1507735780
704194755
184945210
471694624
49578954
554278966
273445132
581927913
636519606
1833511951
201173690
782716911
2144525982
1071406737
1943032477
2078472882
1649836807
1780845431
877491481
631244020
1825451413
535789236
1234766021
2020153609
621732972
485309839
486538652
1659790218
374847280
549126620
1734411785
797937381
833605827
876606802
1497806888
480148977
1756481985
64922284
638494588
1153041868
1149125897
265121460
1306430628
107071263
313971656
162957364
1304587333
365425728
1767975145
529350149
554655878
198462041
528064247
1441936483
650495831
666666536
1096417487
222244009
262524477
655345301
218442905
1398665922
2038577181
1361809547
76309807
1357549902
357258478
1379660700
1348448760
846017477
807522699
319713956
365909092
1603157538
1945956946
1725253477
742657524
1487730974
1833282801
880014791
1706337281
1851862996
2101714163
858559124
220114084
1470895632
1687807321
504627158
1362358517
794447517
2142633597
544530874
196815477
1923347308
1621229938
348222737
1493391570
1161733359
576643981
1708524546
641976215
1001331323
304518140
1818389951
1418458452
445037401
1870450339
327217762
1138582078
101779451
1061281451
596435559
220327114
949410171
1119208283
816132426
1720059762
2026486064
1380397126
1419114135
1380847689
1209928214
479075972
1836978032
408345177
1773341603
2044279753
1711449106
1521178811
1720493215
1216744083
1186456738
284095225
206253648
563635077
2143632856
2142641558
2077121007
797617579
1680508424
2135055713
1384263846
48939215
710617212
295220159
1824272027
1895617236
2028591808
191850819
459651400
1682671206
1284902585
1795336498
1559314115
1113530474
1349734982
730270130
444454981
1670111667
1618952772
1956902559
1506515958
1387016337
2076629497
1169975292
2100420472
743796255
1541208471
1827827391
728353085
1502247903
1718363194
1167402946
608593438
1381822469
970906500
162491381
687737508
1359369052
880727587
597770748
442579006
1770499045
1434154777
1570004983
751627945
1895281296
1136730539
1148175876
241036342
1996526957
1776814983
1705625561
132220306
403569278
2028665501
1960588966
1392587131
384038040
617473712
1692993174
1230629850
1304006458
1705035556
1966577587
1694713733
69969581
1843162971
1730758062
468752761
1449243883
1125745042
1513789617
1029324753
92940058
344634906
811324104
649217063
2143829343
1929744798
1628668815
453548438
802712902
1472935274
1666916858
1497570273
510409935
173263095
553853862
688106411
1593015385
1165715413
299365240
1611088552
411998753
357480446
820056661
886896229
1548885736
1521063954
1370395410
317960243
39616664
1598430593
1808959765
829453241
1874537847
1972696920
1825009162
1986426024
2004432297
702073609
755797982
1573674782
413555315
1792862218
938939680
1653178448
580452416
1845145376
1904874321
1117749316
684837391
1053588523
1426298852
187976159
1713677519
1311116488
974739702
1432074164
353892327
687188484
1361458132
1681974964
1526577160
198584611
533257533
218894330
343938679
561537920
1751657107
997529998
996374627
626820700
1038950126
1262266424
1144751934
1813532446
1926746577
1703315086
1384632718
746753928
1065458827
768872153
209203063
2005152907
1073667310
1922871692
1734542449
182585840
1515395392
98363087
1073405161
151988763
968063654
1805355139
1877019896
1052909022
387142670
1456748020
1174095578
55246953
959379980
1885123455
1985246577
140954432
1312902507
840241471
444848558
1891832812
1347605373
1110769946
1646428434
1538988170
1037246183
907826474
1866091532
46563825
982661541
141921102
894465646
128148636
375108889
1550958387
1821396953
504020289
1581317389
501268141
191891518
747491267
1952175893
1561935433
719931834
1032625881
865358028
560513584
1542723759
1248258362
1001199856
239406360
344152029
756379210
666977442
857698428
809874208
434862734
2137717773
2038102546
1795393643
732268751
1405292719
288903764
1996387731
964901613
1161545291
1217268734
276214532
1071479979
832230112
106759463
2098626156
134777715
983177702
1340435608
1078526921
162744886
1782262192
1588411681
190810323
602882146
983521554
1051802940
650429769
1957705534
1972852249
1539602518
1331064002
1487977253
1098900201
2143231013
1579957687
56557764
1181935084
485850987
683739999
308662778
322302101
154208913
450230644
976189835
1089987409
162220556
2061007218
649700628
1566875337
94791191
1191527601
546521894
38715896
163285517
918582647
960625401
1602714687
200599628
1806805000
949476140
174279073
1930539219
4547456
308072857
263400565
464525431
327864397
408026009
1733944467
580731223
637240881
1272735760
1065131183
1838272069
1303981676
1066237019
743010194
1160644337
2925516
331214941
593969286
172001697
33456664
780143976
642540964
1225657060
2071976085
467687438
592683196
1725334822
330616903
2018851750
1297256102
387306721
1637466732
1296486064
509861269
2001974443
1870302338
305574351
1895174924
335155206
1804150901
100565502
1532845916
1119692478
1924429488
234465789
510851702
1699840340
518118120
1502559620
452468468
1739940792
538231834
1155596531
2069053248
1768582521
1952575602
2041666981
297104800
773319176
262032319
386667311
1535770533
122897277
541934691
755124529
196505475
901591434
1316604494
322393868
576104043
1895331003
1335667672
1258680141
1577835079
1438691724
416685209
1954410543
2009404305
1473565569
2141797375
1427476802
1944278970
1908045280
1783574035
1284081876
81674368
1327115130
2117589590
376574487
840103541
1946824802
425508149
1685643281
136662094
1439510950
135867506
813282324
1877298071
638509693
1310829140
2035203387
1260253035
98419115
9602277
944249908
491510071
1084753109
666674113
570525308
1170678200
1729553257
960478655
142388476
2140814105
2079301482
2011280228
146205754
1454133793
2131680131
272405676
1090511981
1145036970
1425191019
564200763
296375601
1903769062
1467036624
1737589554
942283918
97886577
801344358
192729050
812807380
1878887258
995573759
954399819
1374885213
862386121
1976693093
874311849
575915749
1683955941
1476236103
1125042100
1043012246
1127065491
140946649
3056876
1827031077
603137840
152104403
2019122322
583181838
724865018
1541201683
891392497
795388857
1204413210
1696571852
761121160
1122616894
1710293286
1362826732
1554708594
1575180603
106316431
1938618199
1481137299
889835989
1943983875
672607433
923489236
1533427590
143879282
880734367
1656497758
423280094
274257084
189976502
1408890652
376976018
27575624
413310030
1970409884
1641768244
443743874
1585666683
279835734
812725388
594192276
456728518
1430917195
315455439
1063148124
1416802673
24667259
1485954455
900370592
159288436
1991111585
536025855
601278171
331814602
1863658010
59713183
1427664905
1019361750
1822329227
1165713518
740845886
753248764
386183709
2040863932
215574979
300446964
756025392
1840261264
62047889
196546195
1289898443
751618533
864745126
2089228714
419863595
380449667
1179272036
1903613017
1007114551
821925325
721554993
1587346344
1154458104
1013545301
2129189846
1081173327
387420712
1941583608
367202464
1743561384
798132951
200003258
662397472
1392342945
491010072
1017420280
1096590339
1529798257
2043092134
1336019652
1527316078
1169957083
749668806
459202101
286659707
1161846829
1526710156
1188651946
1834960937
423181378
673344863
1192755814
1843136675
1550965233
238472114
1741013568
1281878510
1038882918
1410158976
1906627625
1076307379
56379080
716459810
1023752338
1909158999
320722562
753756530
1760398669
1186358039
45090578
735448693
773868421
1644824495
474053092
1416212942
287954051
1783410657
1422356854
17089717
1412387230
451026774
714796847
1400534735
678759875
1065286345
1160880267
1998017196
566715514
406494714
704647108
1400829627
1974112367
583730949
243927876
260155982
2118253456
1410355652
913216443
2058370919
320255692
939728350
1962463525
766699628
615293261
1136428638
2138487443
2078866957
1500109955
1580596165
1671972442
701877293
1679172078
1400977019
75866491
486955257
1817414226
1147503206
1602500992
1273138662
620856068
1652016242
860296514
1766575948
716287164
1958589106
1097279348
1715929170
1764708154
1831455550
542320203
286619407
843330654
335091171
1766993737
229067706
206391891
1848600584
402362837
476666458
1985736813
1622533762
707308563
1081525814
430866415
1579317350
215607965
1977414555
2047556684
730893784
71631372
602490272
2002874668
519100576
1049032918
1574394759
431480807
1287907987
20727662
178564343
1634035506
777127941
521353546
143584978
1842391948
40461364
1931662657
1841417122
1947644528
684273312
1050532086
920727692
1974408129
418438815
619061910
222645045
244639973
2020761094
730181104
1165320963
1754607331
1419875030
138923580
1738539483
1402598887
1924879420
1019075125
520821122
159338485
225020901
892572605
219900820
1950610124
476478196
1023490965
1586944014
2067660199
603612518
366900032
1047820523
1296985070
619422286
1429320596
1008491195
605553328
2015723149
803760449
2101853162
1326516671
992550278
303256736
403734181
22693868
1202397469
305951877
1514978550
1226133423
787056722
1283828281
16090696
1927337054
499227519
91620297
1321691143
1776291619
46236678
181578773
1877379374
381202545
149261870
1776791340
978287747
908259564
737348898
1403893109
947592867
1183449171
1983770848
885297689
26560328
822613974
382332951
2020818605
574538974
460152204
34170090
1242524908
188829095
1731994068
416890416
1489985060
1140172057
1760062982
1020271167
679980648
1850001588
1189404689
838989049
2022710891
1856194655
1069766972
1692001241
45467060
1735696501
1380857165
725904460
1979887883
1129251906
1903449701
816035762
207080261
591160360
540641069
1158930948
2098223623
2147186913
1752002417
66987235
2106358444
821925852
1832536603
1773514390
1418392494
612860834
2038587047
1420923799
631112375
1003150560
379589004
2111961804
1584527711
1287580557
2075614339
212036501
443940175
1611917103
508320015
612188985
1584093487
778438946
641089904
662986946
488979049
26494681
480508909
1652819403
53388415
358814266
630162130
197594265
1313376535
645407015
1943770303
678776595
1355659174
226708207
297948854
2085526331
1027750453
1236872901
1263275057
487733868
643891486
1888900884
1472852045
2137323745
1212567491
1916548532
651714900
1257950582
1115792652
820180845
29918814
1603147801
1006156896
2140362762
409534449
1149010918
2099641022
1248964077
384487798
1666319566
1472606296
16877214
1760792428
1760792402
1781263754
926920861
2122111455
1225871026
829535957
1475022925
997489874
2138511568
2055855392
804546654
1720795453
433045090
2131966141
803334222
2108094985
2097314483
917475614
925167767
590955660
1584273883
266422359
450231651
1769180874
1889089317
235186617
169348519
1208618952
732597359
374649233
373707139
551495445
1943368731
169897455
655851716
183397693
248236312
1816841116
230214240
1674200081
166284854
500406796
479198061
405831635
41862551
1004297270
942211011
1451733356
971357710
890073825
171519447
1373017657
1102046784
959069917
1403917394
1606424638
29247040
2040798811
1191268096
1777295853
2011496422
826906957
1797219099
717497025
2030539008
1365580141
2049430061
1148365944
1988632219
334355454
423260463
423858520
1411081
1422245082
1010373656
430813583
816560265
1438711268
1337288607
1046451828
432165356
1524921034
153067821
1988427447
1585764023
1381964393
1376115260
542754912
531363730
1907251604
171188744
2005655479
4851723
186770272
865852383
1913657940
267749299
1867540246
918486776
643509788
1488040185
1756422392
1881921632
1048524339
72649734
295246283
216491188
194733007
735363968
1866065761
735257483
902356369
1845372324
934821859
1943829376
1903450409
1124690792
537176161
1748648029
46959269
273872952
1027847464
669175689
1649117735
1332856604
1678994558
2015850582
1985633833
1121708718
644853270
680124658
340401201
937746329
1027945784
1342429308
650645064
1739894580
140329183
2049012386
1854367235
218916230
1169321278
591440846
777438936
736568183
403034261
1619593244
1593382510
260728594
436392603
705217170
245769788
2022133786
593710077
1366530540
445026854
639757953
1623451744
1512362624
576391935
1074030753
693486064
809498775
736076662
248555130
621047208
1160621440
1139305287
2138994639
414265346
2074268442
23669203
73657561
1631095175
257042322
1641777432
2025992199
1285211229
1514189448
234808631
1277060308
822688194
2079462201
2031088064
920264203
530315081
395714372
1543025452
163848464
1832338914
1947303111
2075554668
1214636223
675127527
161415491
1970609576
1148742808
2135226277
794462143
427151762
1571558731
744481975
213779540
444707435
607653077
2050618071
181027365
646721148
1859520036
1442209027
1047475864
29698365
313227856
1868326817
1236689224
706798303
952463812
1458675699
1863771668
1795580421
301046005
537946390
687325695
1280591198
822638595
1601500799
1898633254
176554890
1430142002
1460010504
989017084
427946129
2106422431
597502606
1804771975
1051940772
2102342742
1350351206
1408654058
714662790
1980645137
316988356
1232732243
1634560068
1316366172
453440043
1917426535
1309714239
1352767890
1763663915
1173466309
313842562
2130155456
841988888
1703267506
1886116179
436802355
1739738760
470529328
882580896
1427782695
598370964
2006736546
1109412705
2076791432
1647389557
1704365264
864320194
2120775461
957206595
1549391112
884989421
710271750
870603441
151642193
43772866
785893260
56207877
542181681
1743711887
1536881403
434409606
1959443880
112742363
443224847
834197725
1726402435
1839285447
1586878450
1340139150
149184916
2030588026
1237082312
1544181116
706257775
984454101
798877412
758129741
1189146527
1008735583
1685712134
771958657
624274609
614108446
188891847
1577146249
1065391625
797763079
1413643727
572042134
459068115
431173667
527333116
1893308748
1334101523
1300129001
1060247211
942952878
1927994225
1456611145
1141231003
838834269
1936939728
286668981
1607112297
223921404
135922111
1108913086
108040152
197157483
2003746498
245524236
1870775857
374915049
385597258
1440513134
1353537817
1841202182
389512845
1394686618
1027683578
661941967
1780442020
842382219
670969409
394599994
1091127496
421777632
1346460036
1070487051
1884395924
1749983622
557705460
575499142
339598832
1436548178
1324656420
1772126321
1200680513
1292141782
1716842368
1412578791
1282647467
1306739770
1345247730
1009161723
684327188
1283065234
1090881768
24397978
246761306
911679399
1809777198
1576752138
1753948537
923664126
1036227639
1153150286
1870849653
1979546634
417239334
400563737
652766994
1501106309
327645818
1568781436
1232994432
1579497434
1312737217
1689734839
920927460
1175325707
1538683324
1486082719
469086713
1048745100
2050715695
815790729
1590899915
1125533964
1896864530
1313317991
1342224929
1281680966
1686695595
1701433162
883129990
1244291085
808630811
1479512580
959689503
161055669
899243956
1477431871
1226089252
602753497
813939383
1980464190
1390024940
2071056710
1663019303
565693326
739845664
1591186668
985141382
1469439403
881753807
407409162
1678683725
2143966606
266700205
368500668
579389635
847255755
841939043
1931221329
1642982304
1162284823
1808900481
1682345494
851540117
778388541
1360780098
1560934227
719855753
1410522736
672989823
1015166694
1465498941
168910964
1691217574
1973854157
870136240
2060767417
44656836
360054555
1050268918
1514172463
90074927
1262059851
1145351730
1115998450
1477079677
2062856333
1749205560
711032859
1785790474
862591255
1289225817
1508995952
1317839886
1950015161
1502458638
1135601962
624111546
1377818772
1784070362
1351735836
1849877708
1472462156
786719851
1164972001
519959663
1024915328
1619511825
1043854497
768722759
1836885995
886455873
526341573
1037973315
1715891419
1539690843
1371478816
1620462131
1341449555
432378732
691692435
846026948
1120847975
1066489147
969323372
1103973222
1691659896
1425661513
517862508
1357937220
2063134784
884858372
203867805
1941436683
1078102783
924712412
242877624
35334360
2063815110
720191528
1582011533
1152839281
1319437423
69185236
1235911526
1677502769
325147052
1193807335
305920235
1198443962
1063916991
1273954617
959878127
1625852466
1573549841
731152712
1170599704
2120889525
848533619
153306051
71806630
1070413100
2012814619
1818044089
875151052
1063171515
1467137435
1976401700
113175636
2084296400
335190295
1063294349
1543952105
309827736
783598662
1626008088
1713523921
477148803
1930738151
918641716
1024514025
2046743300
792987070
1155780578
1020262350
2003786855
672121601
1154830298
1719512430
1815586596
1741802690
386440220
425841269
200196344
1521111484
1628236308
2003197055
48925175
1121585604
1280911175
2037150323
261506185
1186917790
1224991264
1751565125
2076610796
1599853681
1858471404
504018209
1580840210
973549865
733421703
1962516424
2082993939
43854248
1435745957
2072457393
991473701
33360576
860051457
1013225255
1941805310
1941854461
1118251490
1823492087
2069418015
1879882564
355114592
1252180457
1823836155
1848337764
1422884765
32434866
1216938967
803693752
1150087123
698237692
724377679
1535258849
1250206189
2034094679
484071345
966316789
1641261757
1706061534
1174990183
1951915815
158835207
530904272
904584860
690176600
348708788
1269964850
114912601
1837884939
2002730207
1202711597
115002718
1939224594
1617144805
626757340
1078160330
664448023
1442315879
1281599474
1919793662
1298949881
145236799
305854882
1140672613
1351244562
1953079285
1438129700
445313300
139412433
820239228
117623970
147243878
2133857425
1967267555
536882083
1864238262
39815671
972730960
1891130130
1071363191
2072211501
857184440
1677840305
2025050882
1673127947
1590048117
525120767
1949122462
1267466296
286038714
1144442753
1542647883
1916729735
1325278535
424841961
125684934
1134594077
1659971918
1525879090
1713720804
83996356
1930582231
1493594831
1495053013
567773722
1945466936
1134758000
1996176680
1314424204
676062110
1103129110
1363425939
2020774821
2073210954
1671858302
731152457
451588407
63244326
693322423
819878712
1769546399
271277005
63825958
1479332807
1113180597
2000461004
1628924644
1852884357
396852306
724295891
965620342
85782247
609972134
760932007
1657350455
1647775283
102992423
559435088
149071080
2063202035
587722504
611412064
862707576
2139190167
1161668901
603852774
1506579925
1058640643
818945227
337967108
849657477
1629875463
429004215
332144617
911841919
1926635263
168519200
1650740810
1183337126
1783277179
312180399
1297547619
970118628
1828749623
816422035
1483904073
614246560
2108125594
822779191
1925226238
1611689007
1115713220
244212427
1083862239
1252878059
300219821
1797007189
1295516018
699778555
1526519474
1753605333
141558820
2059605655
1805182926
1374887340
85371253
1987115540
990631789
2117161558
141771802
1171556797
2144809915
393485082
1547767856
735397799
1872348138
943338569
2144867244
906697340
954250392
1919082010
658500423
284327051
1280106550
479187188
1002002375
64778076
993580986
344168448
1595929500
311565846
713475585
808680634
1360207257
1039683958
1357569151
1788823047
1206913897
1788012041
292707817
1483969774
99076473
1004590913
1618234581
674481296
1205930821
1679091888
1737001775
1164380621
887363663
1836515803
1057297323
1631923690
1012994256
1172916568
315440761
1539036940
1417762875
516600432
1012478178
991369130
578571969
1871684401
638446258
662547390
1417926727
1012666522
1293451728
521671638
1259120605
340072596
1744153376
1804674890
1304322405
420763083
1373641984
1005426445
360634783
430511435
516117024
1633578429
1381326525
1390026291
110471800
1175341795
1248618113
761774474
766706013
101657313
1224844785
402619149
1448630955
311901796
2001623994
201326840
571576043
5500073
2078734106
1696672223
1035923647
1413290303
196699834
840982307
91957372
1847386907
60378769
1341571838
1494561821
698172564
1952504169
605489438
1461557783
1210262830
555887665
2052691786
1495553074
1352310156
447641529
723314187
1817346378
1779115792
729138793
57773676
495374488
726017638
2120348482
2091749764
1247946568
492990536
1968945271
1291649486
1755358614
1329734261
1775568111
1596273182
1261512205
1373560033
1128492668
1840505079
1110650746
1034596582
124684834
276299066
1977194647
1595282008
2029327802
808287613
1817108766
1404026622
281894300
1618586922
703653028
55037458
1618595118
341113102
429593793
393050678
196921059
1767646269
658213465
1345027407
522482242
573149006
159442152
1386782659
1494013025
1320231903
1471511237
1782859574
775267136
1048392456
1147922717
30379193
1832861766
521335400
1883610431
584568747
1505981628
1021694308
1358675327
463107615
901732407
1973549099
844046274
1438038055
2095116659
1523169118
678315513
850427692
1308623774
109169439
260514328
2135618282
1867981558
2085474796
1843953738
68561329
39612411
728032972
1943109240
2139075285
1830805685
109046741
332521083
316866377
603573844
577441733
1618439641
686531930
1230259424
2083492251
914725681
979302377
1009881484
1448434667
608709001
1753744714
127855197
1845896133
324509331
563407953
97699861
1444723668
1270031995
281509134
1583715247
1556254984
365369354
1700620429
1473034780
1240933411
249094925
869228057
491032722
167019555
1908169835
679028131
1762157780
969225240
1712171984
501682232
2030851309
1621364039
1799349978
1989598067
2113466399
281328940
1887149459
2121061254
1205652023
2042565713
1180904332
283450634
659360418
1049842531
2084368841
342415774
416732449
1748993479
1033269357
147596592
265224752
1731119404
1090957061
688211718
1133178252
15519463
389593397
71289394
1080618597
1863958804
1788019870
430495653
785776838
1886051963
1807795666
1115057253
1824449195
943216161
20393773
965285779
614058626
2082009606
2010094061
976245780
1676103106
1720674472
1949112837
1591496948
210641574
229565319
299237375
1090285264
737568219
1227753245
323329392
1359241011
694871890
1979308993
1445099545
523989370
655280463
1095716621
986559625
2055509185
2091709163
1672220133
288948081
652273834
1586811103
1524831400
923318596
1108577373
1783399426
967120884
1297588997
1431550725
1183058130
1476368808
884423401
589253953
1245168726
1395293518
1064251659
1965054789
1900412707
1230120762
1372708792
1229768486
888699542
1607963065
128797123
1016009440
869277088
1579855962
1281196588
601779622
637970558
832200672
365050808
763741183
2056746221
1782932542
190309674
1413069496
953308757
515838007
998733067
590409122
1613377209
589606320
422877090
253157770
1890442801
2031253391
996079101
90147833
1741424997
1412283014
1547973353
1423473270
1254491240
331488621
1931320749
976884875
1898930075
16395854
708379788
238338179
1359339442
836968283
638978219
2120282335
587337149
1078570742
210182727
1532671387
649308279
1000035678
113567746
1728678338
39627921
1701555110
1645481178
1472321806
1018098303
561942447
181650433
759374741
1732159977
559943610
177570935
2125647959
1120234528
883227203
1621438031
585960455
511094938
601746736
1911496449
799113550
68143871
1762813920
1972116344
1307001619
2108117840
1662635488
1163635621
641919299
1242203403
1385487767
761504358
913889661
32468713
1873682601
817881015
809115443
587116019
1239402193
1927134669
2132807730
1165339247
2135576662
914938262
1706175148
21991023
333700295
620661720
1344028468
94612105
2102522493
813678414
689456683
1757177736
1890541467
1530655757
1596846106
367000295
85477921
535621845
2087973705
1234798247
2059048324
946534186
1397947408
1966365303
817299442
1786414398
160671446
554012227
1555092472
165013151
449443204
828988967
1926938005
270106440
2048505162
728769573
861412367
203539320
737469613
1629040194
1824793496
618449852
2060252590
661694484
901610200
1680534348
887946122
1071632568
1098673691
940111712
1817289529
1392147858
1960663991
1754040288
645441812
1588056522
419149705
1004524717
461313037
1309450616
545624048
165963421
1486174191
1539749053
981562876
1753982965
75008774
1418926867
602410091
1305879120
347978555
541994953
1133775891
330234917
876510133
660080851
1648733643
1814897570
24735465
1854005520
633915993
408221638
753599353
1280877515
849050888
413718333
1513747884
1605726243
114075995
1784718839
1444723083
147572562
1843388995
2081993605
352164707
517402953
1784899011
1646710149
1845273176
93538871
153241223
9645882
1592201548
92285484
1040634282
546721574
395032634
1354579727
1389911405
1601777870
335182914
1860477277
306273784
2037372629
287997591
521220268
740115363
1252738325
1569108537
772063687
971871785
1196247178
1734396072
2140573790
2123985234
539873254
1593372979
306773381
885316372
103967202
1155238670
1987361187
290193043
1809728516
1407507462
1649782198
960452315
1423678259
1165773463
389781719
882277220
1122397471
998356088
244441448
450336046
292388503
309534092
1924039343
96974277
689969442
245948076
1687770256
591074097
1815215162
2017454131
538333210
1443481094
385959694
830923158
2116816440
1550142576
1803467627
872481812
1189754623
609432645
1809251264
1421403298
1987520107
2118725204
445164181
518188736
593032059
2014128170
611464283
1796094759
1774492141
177543871
1109799436
331801581
942245916
1346961534
434342361
474950773
676444267
1401414585
624997758
1184274134
1456957076
1019571334
308904494
54514551
2006435807
899884524
1761040549
2050484836
2088938711
843596304
1298955572
1394049867
549294304
1463748447
1190737562
1793964681
1230108983
735108028
2025105626
463948744
771128708
350430356
1212454963
1270791111
1114026524
1075597411
1059467097
260112128
959326636
1350033651
829940209
271302819
599348019
1017326633
683964495
411461642
1463584688
110958099
1828346996
477080830
971999614
2136436677
30642496
124614654
711654140
2010990410
1101254971
180525656
1446045354
1934730186
196000565
568217922
1869258699
858047360
1548397806
429484348
913663699
1326481334
2104749525
1378050699
1125766064
352175188
528371669
970541426
383657584
242245342
629757245
798760744
1400275907
1544441015
725326722
66745155
880231630
796426179
117347902
1575128359
1322860060
231677190
251444790
1284627546
1126511598
764378435
249388557
1566436751
1451820635
1119081057
1173050681
1052282475
1433167295
257384324
712129191
1220802580
1444390607
859972504
419465691
316572163
248823305
1598418842
465226586
200981275
1040396000
624088534
695171467
492555711
2552002
854336010
1759352890
1528818679
1716303525
456739795
146233436
1635791211
1674597180
1296629157
1863802874
903726381
2114154226
1695110652
1259846635
1822950
195484504
2119143088
376776565
2098359314
832389276
637498621
25628805
689403924
1699058755
912959341
2494753
1918624594
1546317089
841122607
1831910461
125204088
1455704020
645748589
1790639019
1546841377
252763651
286220314
834289839
1874575021
1655534523
1530137122
52941375
1614860634
1639100591
724458035
148666818
57651825
1126052415
1216092505
1403134596
458164841
1729893946
1095127150
1164727362
1955079611
1446790922
1938530994
1085272470
188103180
23236697
547672473
1049046969
1610223301
2038679746
667252359
1515023113
1310744420
1752316215
1364680722
290242565
485584315
1617973566
1450714921
1082921432
486992977
190708230
1632710670
702699651
287334465
1667682823
838361242
1034218694
495398115
2082442619
1588342728
1437934801
184007570
531140301
1516440331
197491374
778297103
1558965639
1107604330
738327919
260153073
777715499
2007779039
433326241
1936605720
1248738072
606311765
1074540916
605082984
108656384
1937244673
960555066
304546653
461949682
35115884
779599626
1844042902
2114097024
1080308198
238411702
1845288057
1505847364
1381458898
677157338
589796013
1488333117
422774968
223960279
72185311
664540682
119584438
2025507116
576443329
1107817373
1501087971
243433245
379193093
524807911
479726908
1505888356
1911627862
60092979
661665496
809099664
996158156
424650978
757644421
848315168
841327509
1546636700
2121215964
1990805265
943180174
205929980
199817811
615339281
1019063552
1463330439
1914397659
687135029
702814245
1629286621
225500338
1280957851
1337761407
85398737
1780743140
2059250549
1898823908
477719984
503467979
702732334
767573006
1599794836
281100561
305701865
126482011
954951993
668563001
396527171
1866907303
303481845
1709822989
1518758755
807223799
373344171
1361764548
4985273
1462019793
830472313
243785597
1127387848
1941373514
140646815
1106292750
327852661
108590201
2019879525
433433553
1272584670
591130943
924501279
992930088
710867033
1026166573
2060224708
2120526956
202882590
548500155
1258223859
1286332070
537637380
614807210
588542212
707319864
114291935
785439938
1413465644
310075500
1706137513
1337245100
1417447013
1818762865
1332166012
26162067
1491454712
1829977905
1471718814
2065295678
802455036
923641126
60428726
1516013682
1469638070
1907377055
177158335
996739417
854188248
1749596794
1186018435
738893369
2051852408
921666774
74339927
557249293
1596935443
1941889535
322453885
2108321775
2098548575
1463813386
778132523
456542566
1544416863
739819082
546665153
128447987
392873279
1464739096
22483713
1402061254
1075737161
1494084439
18158414
1067494908
1354793631
1123831971
1335270857
1159083894
1990575300
1176032378
821633690
1087312556
910115931
563762175
1024413546
594481418
532139473
1992475813
1934844219
753565316
124261656
944695871
176822520
64287142
561181440
826237772
706361449
2077084090
1882104406
300671891
1718055966
663164414
1337941442
661722380
897541888
1340554597
1331494367
186259871
1334934804
1727272049
812425962
1082135046
1491847777
1553468949
197278031
1558695542
1350681104
585724028
1462044093
1778456731
1595370891
1722299401
832201531
219217841
2053638351
1509083994
672266937
1458488390
79427092
182523982
464079129
347448838
1826709077
1906311956
371770526
1232632783
159873854
2096410189
1592380499
826885108
1231846355
1031688126
975440100
689830879
1236179821
1456104462
183875632
546165318
91387838
41717937
1217174081
956000821
803159308
1827003953
940624582
1169782638
931997013
1820917331
1700820926
1982432502
1082004124
363808587
828933005
826106843
1855224947
617707066
1810159882
642847934
684522019
145275482
862396831
666391873
27251558
862962069
1653526645
303309032
1549004460
1218738779
1857338806
1230920285
595021937
830718603
994576448
225828479
1082094449
1648791880
1739838652
1797085196
1538779299
799866042
996345973
680704901
143391644
1436337797
1686960016
668185807
1626625003
446802305
2006041779
45633947
1160173059
517352944
1717081470
781942194
1838563007
1742648565
467830990
1619375019
288842264
900564610
1880498982
170014993
1426130482
1190483392
121967731
490343949
400934109
865673376
709892461
401482926
405678958
303268183
1619121092
1493592643
28652275
866304235
388252783
522185812
1630442082
1616139032
1604193490
1382007058
876488561
1938817216
2072660184
369313104
859504751
478359508
584241546
2067155055
1722283517
260766928
1749891862
682458102
1783200018
1324842410
791845999
831693555
59183331
1094013520
179018190
689814139
127923448
1506855608
502050439
2123697659
2010793141
2085695271
301908612
357295664
560009758
1720030468
1339718744
1793816936
232824419
339019697
1006956418
2018626520
1707963975
1204712516
1536575512
1593191801
1630270138
973433232
387572879
968403488
1735783661
429681156
737351786
1738363907
110982460
1932664977
2086211581
930596050
1623479138
1836482256
858284175
1721586996
1926373755
1141512096
728234187
815260472
1379754386
1977026168
1913233830
1097282261
646305073
195934232
47239526
518466896
1892475764
202686376
1956202279
114201968
1341029422
322879743
566948360
990431434
1555459952
1791883525
202121157
2087931833
388269291
307388829
2085769091
1999004916
1194251516
137534438
818053908
1073943515
1467860132
1380393374
1554698096
1582632334
1413228519
855064855
1488284501
923026663
1120948532
1380114852
1853906279
1455809839
377693544
1931731150
491794109
1541548044
866345036
721950968
735754283
201046024
1403240535
920651030
1222794005
1824669499
1081865093
1304862264
1570122132
82268385
1538985906
1239014864
1078899778
1386882747
1711804954
2142849965
1554925752
369181207
140508232
1533988729
627249530
1651127921
649958049
611905637
1893565635
483281134
432745963
765196729
1171132906
681983106
1212169317
853853890
1777917406
1702441311
374514292
196190103
1139292096
1849055775
1803853741
1616467058
429338044
819365115
1076589595
1876859884
797686719
1116804773
865347490
1780653588
332318709
139451505
1349133397
967052775
1949499510
13989010
1537159128
182574758
229997042
894271748
1721774826
1875196809
1575692711
1888322754
841565817
1047071288
1440063879
1739125757
2119076379
730292178
732979173
1035602412
115454650
1306376582
478243034
1003007893
1479560301
571602545
1104106925
2124991179
141859857
1509436831
1718456842
302999141
2139540461
1101829568
1800249148
1348838423
1648997947
1686925566
243776255
646886135
1110373972
1693921417
1699344840
167255410
1159942575
819479637
798939918
489630140
988106353
1013598460
1889248269
1416945891
429747461
1007421589
1545070732
181452364
285082720
1797939083
339755239
17634725
1955061805
1738199857
654152273
1995645532
1084462098
1647834758
969600379
555824528
2430103
496159008
2088691917
928809961
1580173976
460140506
2068705269
603780934
1704562978
1466647504
429083950
1293801951
1069837062
2017684617
1420787813
1226538442
2117315296
1800691585
960441832
1137342226
1743532854
744814776
1801445309
133763866
939863270
1197749122
1070951229
1958264913
1151324276
1113609868
861374395
1118000717
1020741689
337371381
40449688
107262613
524839865
1908434225
1551575176
643797673
450514466
1276713187
336740585
384057882
887775722
1127396915
2121714546
499787980
392307301
957860894
317655011
1864628780
1448092511
1143771449
862201458
147955143
865666689
1834571841
479046037
2062127092
454290957
172302170
827917432
1372038371
908575488
1401308847
679738792
1556974049
1386743686
1503825036
607588614
402014914
1545931025
1814714652
1017604496
1676809930
489424919
296223891
1817213202
1058859608
466595467
445657048
670487230
2057523183
167829329
1658738575
75329839
618033540
508750598
608391447
919184272
1532300812
422308982
346472953
2114014049
1361273922
1429397588
1078883625
1231952905
763721954
249944974
604655995
660959767
976801610
1499024427
1532243489
1542065814
1739715276
274163154
1981784983
988434272
1256685421
1795784323
963046637
195788326
143850780
783022906
2088495593
468299386
1669633553
185998991
134618522
1927464831
336290196
1223916883
1286420749
1777089614
2004918818
159227103
753670478
613110057
22500596
1718367174
97161318
776305640
1015695652
1908024330
1635341512
1123383108
1605560839
1526976180
1871854123
1260068571
631918699
1333516986
2038295740
1605683830
976457713
1728975565
393618096
1621661038
446558042
2093328642
590870270
287515887
759257230
417860925
1306597433
614216006
996847286
1393772239
890921159
1699811468
287556862
1759731006
1224621344
357310610
1148793240
1542336012
2084686247
1114576776
480872782
1579600846
320423664
944614820
164854840
1313414073
1310948306
734731834
1377052646
199794202
868378160
1876908588
1584196505
769718293
214055227
1217052017
939115010
986648369
2124000103
797301121
949186197
1728286984
607080996
945802836
157802346
1107809303
47248577
522299696
897278831
1257708771
929448306
1971544982
377856144
1807007144
1948549688
792017192
331253152
1997873462
17831734
436464683
121450774
1058335032
1323579593
591844715
530647438
1021512396
264059269
1753161286
542414446
1786346563
782809236
1168692117
1677742655
403189326
1139430818
1751146025
478874304
196058593
158105378
1114870844
564770811
1337833961
926671213
1267228113
628757280
1288010395
455912818
1346586140
858064197
1296857901
77836993
421244784
489564993
1072220568
1443332214
943681096
1585760508
993733954
628896517
1856190687
646336763
1782791229
830711805
56677662
1076885072
1722028251
1317910543
1665004985
72839897
835725150
1888175643
1320597540
1596869052
1780219011
1988124699
1856116799
863258068
194641213
1656763493
251943329
84407200
788707759
2114291883
1451442224
1414906598
1572842251
101388476
746658363
1065797948
1447166201
857482716
1518382146
1288174085
922312764
493521827
1930642905
2068696449
1593436212
1510952128
842941678
1610921683
79688295
977824918
570717402
792033749
382689325
903562033
991170046
839386339
1556523563
763992932
40375430
1295014879
1034865503
791919044
227703658
869737774
707116248
1263639983
1614976834
2124302751
595678339
932044939
454233115
551524310
1340643555
1506447044
1321703880
75060073
68031262
1455604179
1522060714
1940112560
1146835790
1672770734
614265728
872497957
949071797
394780832
486435798
1897866806
600880379
1810898139
181845498
785971688
897991348
389734402
2146355415
118829103
1514933622
1209573155
607204106
416878564
991603751
2027737058
1243446621
1475190952
143294402
966225628
292390432
564352750
1369351886
347972589
2048912718
444304682
1250155986
1257282979
60413132
1276410690
1278057339
125382703
625922585
1518054691
1459077551
1857468910
118386772
1457389956
2143299738
1431880196
947482404
486001578
142303013
294389459
300770957
140074810
2051558700
1061382181
1025116786
1809407156
426708511
1902044718
333079722
1853946353
1094743603
424840742
349504417
1621219284
13752231
1647932737
1545939804
1893386150
140607263
1257577866
822658679
243685638
316073301
1971192571
1635792393
194788373
1848514981
1273650273
1575307892
289072814
695582434
909910437
670560365
781908230
327140576
338437004
1900103392
1100772926
420056747
522119354
1604773889
640905603
1301183039
1920083392
1615247349
857982102
1370048031
529147964
1550035930
1503817240
83465026
765721118
1780235683
1514294656
1421861755
303867352
496912981
22034075
628306620
990678211
14898993
375398834
1815567328
2124319049
1031154348
1870968927
24082098
1116263766
1122989361
998485090
1314888124
476990349
976137677
80728874
241211783
1649915327
358843019
1095726754
734444587
1321400627
968322626
1268931675
1670575215
1705882195
1203564611
1950223423
1503199645
1213984851
247396022
628415868
273418310
1807963081
964141435
1684102255
1420283049
1741995994
1253036734
778049137
860949319
94928319
1144396833
1092860219
1787564692
1604569016
1615681616
1971391903
1620572297
256497494
1466314566
405872657
987013878
208385096
1751814217
1906321795
914935469
2009067417
293996960
311306918
2039611832
1882540062
13834495
87727382
1584424515
1574929898
770905540
1088968913
967713173
727085933
63585269
2128439010
1996476095
395866072
849283806
2144749460
1573471631
1802785596
1897040218
1340987303
158388538
1459392177
651050625
1052780178
1800459010
1097685305
1816433683
332041104
224810301
740422782
399577009
2050253396
545159194
44210891
845933057
1575282068
11172058
1110276701
751981730
543963166
1620138210
1023509877
293251343
1123121801
1160371541
1421814979
1017636059
1173470604
1366256111
138023099
240580311
357010885
857811874
1413909698
1932880817
1207664509
1713913504
948133899
131145560
1522639432
1031906568
264460111
155537865
506611389
1009427643
67361938
610401520
198398786
709669598
387190656
859098018
1269920552
1083488264
43956738
2054677225
1173691754
207492351
500786555
1482834112
1668742101
741463188
2089133088
1493623203
950476800
91028932
306547437
1693604955
1025451446
1598384108
920383088
605396133
341871825
589126575
497501460
830761264
2120713937
1732329467
1549984990
627965392
712495799
62544762
632266088
1364044165
534423319
1714028263
930549688
1663974369
1223847971
748033093
911814287
1325061676
1266127776
874515706
1706917222
1787236955
1749332122
23476615
829122954
1307211017
1721384569
1054926344
970211645
926977963
862423947
64527157
1588594271
2034319793
1250718332
559929774
119963604
1208586485
2130699778
1491599381
1871140728
899943771
1565402190
1727700986
1814992174
1219834294
911093581
1836807295
979944301
1990021016
1151090075
656506406
154300474
1250284429
784095154
1887455632
1935231563
1421929940
464863916
1395632693
598031039
753808882
1934428780
1161305114
1613216002
97656055
240047974
865036965
1333802668
933064369
318163929
305605383
1198014042
467649261
1846056763
2024653211
237360914
127581856
903859428
1568097355
1501093956
1549084008
2042429568
1009272086
1568367685
1381944160
1483506003
831137973
901860481
472982901
1442041013
627399715
1164287020
745092387
939745608
1721212891
1462488699
1201323722
641138533
2006429378
1827837351
708612967
152129610
1442819234
751809936
667197093
697331954
49806228
377319198
321333827
926158417
1686068504
1004430009
622533747
2019926285
526591496
1337407174
1373579438
73473300
1176919891
1873409756
1616206125
1427180649
1502331123
1966607425
1556997556
11090386
111501278
1312724801
1050535906
977404864
580197143
534529631
478078456
1853618163
1970466044
1833178324
376967148
85777544
778778608
1425386857
1560577176
1492304236
1011656147
198013544
1405201002
1323652937
1075607985
1922394939
1921043247
1219891481
204420511
1749406197
1772220432
1015121204
448979828
1386146598
712692674
1727807301
817522944
2044117098
1352689949
12007798
1179221898
666992139
1062749844
1159896303
949731669
1345784312
992699130
2056856392
1104271360
2037317818
1453567861
433160198
1126882032
1088616766
618732801
75726176
2126513957
833857622
1107983330
896642202
724071109
1584482179
1762251003
843721657
1822070126
1864300264
902155325
578591616
1879280124
1370352556
1108482065
1650243675
1037625311
1047200867
973144075
1346562632
1434324853
1341879798
1082858117
1449782393
1669716372
1612716594
222615383
2039112601
1818351221
658816337
1428492080
804910574
1932175666
1853772900
378301585
2128291013
1018439316
1389963516
1013188161
201019869
411714220
1235948428
1847268400
1831352068
293030746
1733238113
148558571
1913219128
411771578
1979314123
1266471246
1829107505
373099531
356175628
1903610702
100401088
685404897
2053840976
1488224904
619429590
353013559
592697708
1006608832
164656019
1142169171
80469644
1235784687
1807864201
1420078829
541727235
894578462
1924335870
1339831697
1767346970
1084185293
1758335644
1246236698
2051915806
302893147
1432141
1790824676
1610065326
602593719
685388421
8133148
1413402207
2114217061
1073096087
1148780058
645463066
1385982200
1779290219
1352559352
1153670827
803263880
1459563671
1084209910
951673552
1869935902
1214673420
166482823
746886889
1594910077
1444777072
1726340245
1974644679
73924114
1049134334
1351002865
2031584109
1269551572
997048594
132799893
101440628
58775808
1953418990
927485386
2053021912
1774834510
1073120636
1606083888
1790832688
207124181
1774048048
2147042665
1596220852
57211391
1664973226
1417653989
2117338281
247346209
1940834574
547248703
1656412185
1440438
1034192640
1714085007
1562625925
1582744816
1623218792
1006724780
1178860782
814492220
148345440
1748046474
615267856
360509376
943973116
1350019767
1300387648
928558490
264336642
548862578
2022597195
344682062
745068206
1045038220
1514733710
196800882
2025194105
965526367
2070167986
1397803401
477013684
1254387742
225900461
951976547
2072461657
571062504
1264513467
1337587036
1915332815
593893774
1066689917
1988824162
244315237
1101249359
1230869424
147878462
649927757
1474522386
1964085216
213554766
1770468210
27638620
2014626541
1724120125
1701068388
1116494220
1125914655
718762451
283356135
412091284
1300100725
1466485859
407094094
1125365789
1667422322
205961045
1239405259
1012672329
897912467
371084553
702968561
553057262
943973210
392735859
553294823
970883837
97574646
466378986
728272960
1202470021
1280849779
55949432
563116733
847808933
1575323347
1114691910
1172618963
237729042
1781371156
492553825
1117444518
1825183734
1713380638
552295380
585906606
1960669087
1743256741
1479541619
1674172554
553163708
117104042
529630400
778704184
1869198396
372321643
275548982
1468222680
892841580
1641749126
1779700042
1197308930
717320606
1776603835
1944455302
153883208
17750635
2094565311
1884351287
963412491
1458761114
1696210547
1256747396
1558497162
236655988
1273827458
461783273
661978116
1772155602
1107278476
253670506
661740549
100949362
486033294
2083776329
151687796
1591862686
320366745
1599259859
1379617208
1784304082
1433333479
723079317
1602446350
1594311816
1567803133
1556604758
1544865670
1327174792
756332161
416162651
938003569
1271730260
1921583376
1004699768
15301491
89497295
177951034
1436970500
73236479
307849725
437731762
1200036911
1357400897
1130510536
1331295478
1549404138
1159495341
1375488589
904015441
293120715
1317451061
955720515
2019386344
1577911738
1314166243
1988627775
717828466
1395542165
1751012325
1735097559
245839131
514573591
797930545
948020033
1343450065
507045360
1654446420
1346554761
2058297699
312650092
687911630
750098298
2145764400
1011165075
877834116
904654387
422519541
391965831
1963749075
1276270578
419447520
1132607586
367603211
1429384916
2092722010
1094007517
1891814186
1623431976
517711158
1828148999
933071981
1097161364
1071670289
1623874363
1875784767
1712913897
670219270
432513586
1366461060
681947997
1731288264
164786728
1341608972
261657699
671675392
1050641047
1404170170
860204878
1421363380
1767953773
671978525
690869561
299863496
105314910
1676582862
955188431
116398803
1180949060
303025703
1507411440
1803827119
1497892196
1666375548
1823985793
1586717349
260068283
2084208641
1426286911
703583697
1272584164
881993901
1511999071
630045133
359721267
2011786145
1522394869
1536821203
1945219000
1876800400
667212683
2089050325
257356548
961226008
1010221152
19955046
1354689767
917932780
939502501
1394478914
1534822183
1429031283
582082256
1996614499
421332350
109419233
843124260
848834303
49856146
812968985
410018847
1173813638
1417365518
2027447469
2144215993
1421281472
1764791623
1873671124
159298818
689771874
806931609
1963485579
481730610
449840729
2099536301
1238316357
1386532399
1154603100
1399304170
473809075
555785651
389032869
1455688273
1775498566
1779054239
900081971
47406661
2032862643
1744755558
584367688
1826566210
367839601
1258411936
1460177834
1043268236
967173379
1927540292
1218556934
305319578
1251890741
525493246
1207016285
1033429301
232763762
1511073471
2072356650
685356137
1780586130
2069366765
1641086313
253662174
733443959
803304231
1002186619
2076731137
80902169
696350029
1944809252
417285135
2032985594
1205631755
899877242
118283223
1733000085
1462078406
1170192730
137458902
320884682
193050475
102644468
2096979990
385190424
1297445285
2050500302
1371680060
286510573
2098962458
1345219882
1948920109
217223675
2034410574
1194244642
547716520
1444522775
327593621
1035223207
1223456248
1490167239
1175681798
2116715325
681989567
740380984
1981287170
798724743
1172740345
713095071
585891786
925952533
456918553
2062321610
809610599
1910656203
37650194
364152984
1961380293
968230041
380791680
639728402
326323782
1738480295
1013342556
870534873
1908575485
573259626
1821266383
1045701398
1787402186
165737635
1233728705
1877004968
1285312983
905447603
1663549035
1714404193
977479437
1952925993
1806292728
1959446937
433947785
1986612028
665615098
2072176340
1013776692
1238267054
1577730920
1912147101
1524484025
732583628
1963919464
1937223184
2142978770
1852355333
1721514993
2063844973
109108206
1923198926
2093613477
2128913303
1725438881
237122395
1652203268
208957706
226488320
2133394006
763432960
1122090851
759599300
578265074
1480279485
779834352
1733769948
996058835
939485804
725989073
948053269
1434044654
1638726711
1107697562
1777865828
1826484544
1944972915
1289900413
803033724
1679587775
175626195
901302301
970998854
1894518091
471138751
653900629
510747612
437323708
1579852676
1879420331
1027891435
393243328
1026539678
128932380
1513654159
1976944738
2130797241
684414322
1698986237
2079745611
194270763
721401662
279129441
79575421
1365314726
1085676913
1476053558
1763792110
911027103
1567768742
952485139
489005309
1906453627
1528432326
1183824721
721991383
39108491
2012170800
1973667906
1616559544
1449593732
291720320
405702090
1287188828
1780463610
553802984
2145616392
609245627
702731273
852578109
123746957
940492284
1634081938
525312697
1996344074
272240067
65674774
1726363879
52583713
455066906
1074060801
171496510
417113812
1604583853
986858715
2038105969
356969290
43375771
1650941047
309234815
266195407
1659419898
663263642
254955809
865447296
154818338
138827356
611949156
120297738
902433771
925444363
1486866109
783478933
44448910
171602961
1883721320
2137637209
1252430998
905055171
190698863
1057784126
437969964
633641970
1214510677
1470466450
940369462
1258001601
1156291287
1066590636
126228921
1271920012
1488004850
1831580525
1816130167
1802065187
2035214085
1303434235
992740704
125983182
1890193127
1143093872
91667232
1006928479
189502742
199644601
345901823
1623219877
988505217
2012506520
1904144147
1649163299
1593860463
951650006
1483482648
401131935
214012601
906700914
709989416
1232885510
1373425568
1050427616
1966156623
209244678
1089732211
724833712
1882402485
4947654
1123105916
1346997959
785174595
688142227
726709705
577322227
1544241808
465446181
1147206396
83712606
1438182172
1827074627
765907713
580631612
441009377
1708555133
1088536141
1362235295
1574617975
55975416
1931898262
2107704081
184669617
426862528
102832272
906913978
285388724
1288835685
991577517
1739225363
387557792
1720629303
1982359699
375105766
942671501
1809978716
776777868
1958013556
1021747745
987841577
1492895287
1798419938
1714141432
1399205299
2083496696
502457128
1169759074
2125455475
531808623
1436535616
1940000125
986653743
1068933458
835768118
230495061
1499424694
1810789637
1709193997
817917485
1321562152
2024457817
607754954
2547413
283258390
936003900
1242223859
1648262341
1750374059
12804038
1531954249
2068046917
92805775
1125497887
1116544390
713831809
1076461350
1865101371
573578531
144267146
1962691561
1857614255
1954229090
338307891
1625423871
1278022451
1733261393
1481705295
1674296554
845786442
850685330
1980508458
1361751554
813109085
206164835
1913572645
2069972042
2089264044
1755068339
864955582
524714103
770413273
968705675
1236883087
1450772801
637696318
633920245
141948727
1858007548
635337371
293350966
1643544252
860900380
1922084318
1944915132
1878028449
240759051
1961872316
194827465
623229565
1089675179
831286998
1276998471
141596458
21773846
1382214972
1076698957
1963985520
1092550271
1983670619
1586881021
1382501644
110402047
1565270562
482886567
853388717
1604853980
94575322
294317813
1063846121
111474981
486261626
1454950717
2050229682
1499440855
1575821925
1597726901
203985831
1086258990
1077780396
349072223
2014062494
129562670
856378513
190567622
696702491
1232074480
1614479258
1302434305
1872482361
41893341
2131779763
515105051
1538606108
1942301801
1132944439
39943633
1068539905
736416850
100006467
1205098604
845983190
1694022466
1595646119
733418615
1526539581
1745360842
1142389717
142358457
81263376
2055194040
442000799
1760212770
443860414
1259607263
1291318076
713143628
1459145015
705369563
117627091
1014621099
622213829
473678831
436676051
945948599
929753276
1000203339
948701012
1187346716
765997683
1773885024
600955914
217068332
1045602703
1999571185
1170536987
808374222
1254077789
1587593542
1477478391
946259841
1944275978
58170525
412002149
2017806249
376629662
226628204
1896541924
1594982655
1877626907
1988348273
572308965
2027194159
530260064
669906960
170276312
