270929958
927397697
2011838445
301371903
1530714933
1637409171
1420301476
2050193981
1364218176
1178256939
1277135885
1200424856
1893527754
65045497
1119240879
1768024440
990182174
1409274853
1111867999
956037348
1674552302
1806396294
701262305
9191585
502750681
1996502834
1953690688
272420879
50922300
1348276328
1368363448
191417169
1909502442
39207530
1893003497
1631232260
867152878
1635737917
1748002931
621126977
1498274058
1588371174
463707112
580100831
1433900345
722479967
642655773
1978725796
2080144296
1451595474
614016193
1084850416
113870483
1369444858
947271722
1489164445
1189856904
676800561
1776003506
1781066305
1656480471
918730415
425171256
486776172
1980724861
316461742
126486524
1913778793
1881600092
530784216
336303221
1935438627
735636312
1703912713
1263553497
1360646549
3162272
378607107
1070088031
922482275
1049755145
892532137
492199371
949925888
1954477281
2101640677
1355190375
627910089
1804217132
662595544
1575345474
293097940
231738750
1238583648
742583542
2144272244
1630200208
1160267156
1425200205
1124991950
2143010682
479747161
2106015046
828961196
1863872478
1743513383
2011215661
1259932630
1349341372
417716274
425957812
520642513
1519163990
693840262
996932491
845738634
1460901872
1683907769
1961620482
687089693
70206659
327209837
1763731919
1415582865
1428641234
648013414
1687676011
1314524838
2035857829
867038032
1514117825
1922331242
1767057836
806023434
1805019797
2138799741
553345523
221023264
2134162981
1619239314
261492354
241389429
1449318266
678390134
162859178
270111036
507043600
1594826278
2110979320
773140281
2004940460
850555806
2089205172
1998616083
1247071072
894153854
1399050838
101762854
1807280783
1237453054
1800776297
2037954629
1437832332
114771944
652814255
477912373
1924838390
883013106
404855156
914126629
754806180
588489294
1571364087
1688544708
2084961574
476912906
90080310
543072561
711371542
61031121
569237663
839218038
506568517
1435604202
811348263
814526963
552427885
207506908
1706697790
1203914311
582951738
888321396
117049212
418617716
1312706484
448715569
1613046193
801582686
1868132032
183421815
631006208
844182477
570876825
1814064512
1250413350
1232095444
649930520
842167192
735472250
961231099
1844571201
1557699945
2040133677
129533440
1042022310
1270942332
526933718
714124116
2117828604
422942975
293556403
189942429
405658111
395236957
1757227374
1768384690
1562025164
2060532491
1279151584
1693803796
1731176141
924120822
431626334
696494182
1079591359
1969386632
1257196292
214191402
131614262
1515903925
1699849376
231984165
981908344
180259649
1923559591
2025896640
1072905719
63996372
1256376549
346953382
1169344440
1471485374
1351881368
2002941292
1581489242
203591227
1987572843
937539069
2076015010
1194427665
788229338
915043496
1672257934
1901605757
1945350612
1983935592
1011564129
1589353616
1947547193
802926069
1428543243
1550360155
493133648
2118941817
2111537133
1281740380
1053785332
608265853
1059044642
1917284474
977926153
1292767051
1331711273
1005975998
831845336
261492186
2061498513
2054207551
1124499795
784805023
1348112899
1254328473
730098143
1097024258
1495997262
542188086
482893496
154979145
1094042445
2018179638
1570824156
1949316686
1271384505
1224870781
1381634267
1424103009
631842605
826241979
794045904
296145696
1366922225
1630331814
1525897337
537354892
239799492
1835446262
1977251656
118932868
245222414
1177453753
1817374410
102876347
1588780054
564355846
1604705539
1584471258
912913605
148310650
439507100
1941090588
612656683
1325354055
660219364
1122926638
1834758044
1181172903
1100022608
1328893430
1796516311
117064765
1371231091
1874980109
1652039861
260623704
1088619057
1522522220
958266312
640623865
1821912655
261049687
181127187
116393001
1051720819
898545489
1687643763
1584094348
1790928981
205098706
936031521
361650017
962411437
2104999813
1519196283
1317063799
2026814001
1109459166
797764748
2095218659
1198130274
602022123
560472674
811594579
798911630
854536703
1861938667
619816930
1462031410
1620190085
1974580902
227298961
572793088
771600088
1236748945
22577776
943176478
1516919107
2107899532
904279767
418372573
763735729
1231211094
602317008
463902877
1359221307
1903538742
576053520
1609735355
1021427631
689973870
470179668
1723065829
288412262
174983481
1338936470
1112490257
421141061
508468526
1863707761
1495882319
952400803
1252706754
231034541
1160513088
371938630
2006168828
1092076128
273109808
670737532
22561488
2096889704
1743250548
959396539
2064578712
127517710
1938550803
1388384601
826634975
1837051615
1263110382
719382855
947862484
1258735784
1746004926
191465691
13108090
1776446033
965753382
984332560
1806215190
667001862
1028718232
632202854
647079259
1711941062
1427150556
1067531375
64684052
1161135845
820425524
585933119
1981969905
2704369
548971363
1010876315
1431082671
713386342
1422792486
815362931
849572168
1413371858
1368232574
2116746718
1772235351
684337981
135842787
486596351
2129197800
511171188
1266519930
2083649598
1606638547
616882384
1576442349
85213455
1645717004
610148418
1213488
2098936127
121209628
1407031279
1015806141
996212569
927855473
586131154
1147950
2112928207
15238313
222710021
2014526551
563570130
1999926129
151653709
1974841853
1354650868
1084294387
422780263
1699160338
588474181
966950388
304600701
1603001297
1874389988
252201814
967523828
1278511187
1808068524
360976877
1208323182
500079038
1003896736
998457336
1913321077
1943713626
101958290
295015700
497735982
2117384888
1525702268
1000505132
1907651876
2093185105
1587567157
1495162241
324245490
732638984
623010180
217958486
1344263346
428252459
697527614
72532193
1190953544
1251298860
823506344
1453101602
744925401
2076147580
1592400430
1494457813
1405228809
1009629436
1844865327
187437046
1099253081
2138487720
351260720
586802712
16844256
1069972260
1180222140
1987195541
514628166
1904358761
1357911067
1295403482
1689739353
1973072244
1189184017
160124286
1328221150
1113917085
1902392732
2058419785
635478297
76513394
412294254
1147699561
1949233450
580315027
1030289518
1973711011
1785180012
1955099032
492804174
271291711
775957333
1589648352
13846004
2122464171
1858546665
1281476942
1898165264
129696399
418995651
2082339111
1031993532
301307060
1877797547
267963056
2014018880
386159190
814806470
1452463044
1675470469
905834663
1180713787
158845974
1139361419
546612727
2136144436
788458392
835630249
522820164
1442648205
53003864
712929033
1965387869
1202717385
1288931754
292344853
206801193
105792308
1857088458
181047222
549070278
281007554
1808821934
1166639351
372265904
183357294
450174803
1368445977
242076644
1384158987
886583635
877113802
975470516
278975794
424647899
1956655415
1114048510
113541983
2393530
651715398
1184908095
120963729
328554047
1587370806
1931736716
2009330290
1226591407
1701044439
603727434
715190040
1110656907
1582537710
261212755
1430982796
448274289
1224346929
337007066
1648093174
1516363697
590964456
1590860554
2094790915
1621534079
785853196
1541168647
1596103417
1999909608
2112436276
709029789
735784452
1063254717
1663788744
1115883367
483612983
924021495
1438896167
990297835
1245810606
1052261192
278730089
1720656762
1757130061
1007745511
535484947
800139848
1166573682
362385507
1450431369
1148011117
1859692761
1398855009
726543690
1294879531
1087440598
1776021461
1505484713
1983328292
552593147
1601493345
979221579
1183957128
2061597946
1110803499
614769338
829257548
692744041
415882988
1582684287
2140961207
1951871611
1208536613
1162085225
1535122865
740502034
1960096480
1035221888
502635456
1679598123
755936051
1999466860
1869785397
1976988574
1654842603
322639218
975633519
1134560748
1355323013
754838189
1759374986
1710171063
1872423363
1117668549
695840549
359863086
113803432
1791569067
99959696
1027144528
220957506
219646846
938684826
1797156215
1188233401
2129934471
1341999497
1673946546
402873972
1348933151
1337444815
1623090887
1977004973
8209926
229641165
1132070393
104923330
900969271
2005659917
1436111633
11486755
968343353
2067725738
1414976204
485481076
232835964
906850449
124223937
584115319
666870039
1930835384
1520147508
381603854
2027306596
124158418
230034177
2122119359
200002856
1814096611
2146711870
1180041371
1184956529
183225402
614670965
1003044126
543794867
237783287
1752641193
2034778007
1949020875
2003399048
27363139
928346546
1967207334
322606547
1546656474
1436701516
249612305
1338575160
165531436
703901446
1249758350
1287227980
795847059
139628206
1715904698
1156104725
1598003648
573170990
15796217
1205403856
1141916441
1245941065
631071373
1707860702
610460532
1957737383
712371566
1867147349
853145080
1596905485
447651211
115605954
1243794698
1345787678
1942385901
1996828724
1037843181
736472273
300242640
1315768660
2048605474
399331574
1097123416
1474416860
689516071
1419760607
156716567
1997385807
426270253
554395203
269342529
129859824
194120925
492689934
101253466
493869627
1415336714
1890088958
405593972
236407118
1156989869
1437602543
179899864
1316145430
702262975
1242959230
1842522810
1334397157
2124937674
769075897
841889119
770550422
618832738
378376462
1924576565
70976440
1183367436
2132211859
1681122229
1036024393
96059952
399691864
2104048354
199216209
296883746
1753509648
1262128303
2078276682
1460392093
134942620
382521685
372183477
1927001466
283989839
1952543685
1817881586
378310949
464280581
1798515871
1603688507
381784433
479304487
2112617042
760769176
1579391462
959119087
1888417606
692727428
1409160241
763275950
978648454
1359959773
1289243403
1083721548
450452750
1890662249
561112744
1614538727
793340073
1884551090
768961078
1992880429
1125926133
795814022
1115850091
975764931
1219874648
994688166
542566310
847066509
1797008620
1959867171
1626367747
214944562
425827999
763159932
1800840018
1526797062
305633851
696344972
685236421
2082075650
188416806
1695231253
899300741
127242122
826816875
896286025
893943150
1765105925
1397398393
1142590511
355572998
1441635797
1605179285
1586763439
1692183783
997831493
592341873
1971469763
166003110
1045755419
982184664
1910045070
867204070
801728431
1150176488
1795007130
711598594
425054524
300128648
2063872872
1564235089
322149184
1412062302
1128565553
648163029
1732914995
221431112
1874012108
266520419
1549685981
617671745
1226457483
2140452615
13469785
72961231
1084753968
587525021
2137389048
828946933
933265152
443945684
1621616642
1019704428
827668985
380706332
480908313
1193922451
1504710923
2097214909
1628596652
232637726
1848338156
872479944
1742171934
936541976
829274534
1819829427
1632790914
1296025070
1925397009
2010005274
1726164533
472093951
1433165232
585247235
1219493972
586525202
762914192
1084737608
1552422008
1301775718
28166495
645377668
1877632799
842316482
404361453
455119833
1718038172
1501729148
933478052
1348868461
1474748148
148341186
2096854499
604646678
1244873517
1636772013
1349802327
194806456
1483379023
697737392
1397742184
1127418392
1081166173
1828725805
1261044228
604417320
499258611
133385920
91147355
295835797
1122782166
590899714
1130400347
1477513517
1960738207
846789433
258967085
311319501
1698655351
1626761660
1153518986
1821812186
773908335
653537188
1222017415
671736155
1343199581
405770620
1235648754
1492046267
1315997478
206292253
1069217517
788604505
670625446
498701543
963342389
1323009924
420384873
1056978537
582609864
1369151722
1386978265
1722314718
1118915530
281254328
244238322
1807491776
1662347880
940929429
842333104
405328302
1943108182
985871182
1850861532
1482756597
1925233494
501126215
980857836
60983865
870562430
448385831
1134185016
822917288
201245275
1521226505
403460516
1868228339
1128762094
937918027
1057027756
1656974190
959524993
489755780
1760616773
1876436576
1688595743
396877341
1376099262
918126341
1554601236
1571361897
2041360492
1792451351
488461532
770024481
178013017
1782031358
2068492934
1518326707
593013397
1306575917
2016817657
393846454
1225457880
620424494
903330817
1090504998
154206440
109203289
250021691
48007936
1503563843
1726263097
2067264233
775923677
536385054
1464917687
274831753
42830695
1818797442
303438845
1204964899
1661479678
213615948
1121782570
1338033726
477124208
1544214027
1273151974
1713237016
783443124
2048798744
1533251946
1540575704
1424072426
875396640
1330169158
1370479521
1183992988
764061594
911113308
1689284261
1935276367
920026304
1959427805
29756382
466276818
1708175304
1842964423
1947794950
1670457777
1990098110
1345722898
1718987856
912407620
1038088183
67178025
376200257
512169129
1918498935
974811189
863271237
1823499910
1474518491
1088670426
150766279
1513574410
1672227218
215613
2136536345
509858848
413717218
1732488456
802825623
189595935
1655646455
1284818637
1669933523
842856550
2012528041
2062201013
915815670
492902149
62327250
1422073509
1642965892
673407561
1984330796
1829218156
1092930377
464736732
2127918246
1406261670
1626450569
602073496
1750131243
424301366
603580804
255182261
775349430
2032399271
2072457485
1575491429
1195986374
1853793519
1420631609
503714962
1566840818
1675192646
1523847243
1504645898
1919695068
1682091765
412815906
1122781269
452644929
1660643398
1459149894
1205112170
440930551
1654286426
1510232261
1063515553
2106783568
374480021
122949011
1691921937
1261666812
446255178
1653139549
2098837452
1409900240
389422575
2107193158
1766007714
292019078
1802051979
518083588
1654761551
1913845985
1452776545
709271729
910490808
934559048
1479299794
973877516
69685028
1765450300
1461378067
2063135220
1341129980
1564399154
1563743803
1813866255
1282885472
1530318881
1184599425
1039513321
892124721
1502483091
2057843126
28248752
1223607246
1248559435
240813433
1512395011
1518326103
1736223830
209536854
422564355
1273659589
1400920239
888209375
1072592065
1441717979
1467259971
698720924
140673886
2135602294
1760977846
410063665
741877627
934378738
1737452742
1814849377
564341484
988311992
1975221993
916307402
833993452
1657416083
1461705851
941388665
75484953
1730767951
1685696286
1239237301
1052210653
1444060537
1011922721
1003008189
965194480
1458183581
1604474074
1246118204
2804561
1665099966
590162094
559033044
1965407912
1558599529
2060480835
1185008951
1681731493
747497239
1297073874
517248331
747366191
890142378
1438948962
111611148
1287587602
1103432305
1582880236
34949539
1368709667
1350065103
445747497
1325892799
609398763
1222181728
1524011372
324901088
1303889526
638643666
924171479
586082602
1031485119
2054173111
494687920
1463983248
815545163
1856415099
422925034
1503597179
952333094
1795219685
1861477663
2077077537
1909013030
1663150290
323131575
852998434
1234748015
596568185
33819123
1266532490
392600721
177488239
1439899180
945042519
729458553
2006694808
1267451791
1824137405
2036479339
1959409859
790160147
1443420676
630024603
1232733543
1892875469
638839347
61280135
408998979
2015130687
1601639249
1017213063
1259341622
1709402570
1665822560
1769727317
1599787893
1198476127
272522248
865959845
2048177711
805102520
986920607
887257261
1489540252
2084515944
348674207
605792322
1909226902
2072426460
2128294587
1409439842
1037709752
173835839
1723935394
1393696631
724625238
240828978
619391107
1480823849
2101735732
1803855861
1745183857
2130768759
838106506
1233143041
491770314
525702108
557100473
1066054425
907836047
72075475
1086622813
567356744
1683187913
1797695366
1891466271
840761017
1675538296
1240433991
6900930
2122101456
677373170
801727332
2095181903
743858425
1207028547
540306566
1356323950
1347345655
1874617095
290463211
1454447119
1902788053
2135897072
78104674
1070019343
957035975
827587996
526865334
528323503
1009725692
1962735658
309305017
801366811
1659186749
912161412
1801988019
1000208193
1870324636
550546487
649833042
1676357376
342202505
1252722246
71125200
808746202
237519576
473731276
1337639752
239551155
429512044
1271482175
1141049594
118918120
336369906
1088212444
1623584199
1443240707
873937169
273866069
1272907479
597438101
144917929
331357900
1091800093
1533564519
1430870086
330456738
48959482
14273992
1992768466
1635576937
1007300892
581005241
823393291
1897577475
1973598398
1588663213
1038577863
1367530656
833240204
1102023813
1129090657
98158836
109448118
1033777326
1554796959
1711991614
638053171
1977858262
938670789
1305395449
824572959
681125285
23186524
981596094
549334527
1980201797
2101784589
1760028072
1522718611
2096984495
206455068
1760437691
90228789
52383300
981579744
1750508852
573665109
334569112
244712445
1305837752
215728555
1971304462
3706187
776610621
1223656855
1129680431
1608405668
264389310
1970714632
914471684
399448647
5180871
777397212
404493713
1332019959
1574686792
475468226
1680681403
811646456
1968404682
1096142030
83708255
1440946249
1832886420
446797580
457086606
1370037277
660515563
165495908
272113144
368678971
1624665364
221413617
1945878078
964637881
1765614837
720201507
1266828876
720856878
1579635708
79464801
1839194239
411489639
621177058
256033444
141575574
1479841247
1435261052
960083145
466998820
76368252
1184762732
40357778
725100239
150455552
2057729886
474239423
1172490270
2125132630
935131715
289021756
1288520388
1432820589
967030696
81808109
1942617543
1040527381
2138222947
507777109
1985525836
2076243414
90803070
1850646639
1211762203
665987479
741302790
1013543492
510513219
1446271003
1416813121
1020965609
426710874
1935064416
667544049
1987344463
556756752
1895202482
2145546666
282074777
34606171
1564447598
1577865309
1536333255
344152803
493048577
751411886
130648481
1298105142
1911193473
46468265
1533826333
2025584323
1546850893
1438686142
1035678660
899382042
1917058247
924301715
1343987359
770892660
893746125
1387174949
496947977
903560012
248414294
1033171726
1070313815
1608290626
1557779064
1905803066
859831708
598928662
1366876124
443798741
559689723
1660349533
32984921
953300605
1072017750
880491208
1645636769
376838350
1079922407
253444512
1141590709
474206851
238256371
779477173
455267812
1614524156
1639821173
746906188
1753949760
663939417
922974670
469799633
1924578407
1207028002
1658858548
462083423
145671798
762586029
338434805
378935370
163088220
1374494475
2103620484
1331102142
738190614
1066561915
249004094
1222067773
1661251055
1046163638
1216497261
1861279744
118311420
2071426436
492934037
966424430
1727145992
649783360
315153458
714024051
1555534410
2018326348
1289815008
1532679256
1765025328
304831788
129714355
584232384
935770323
1526339052
346086330
244334986
588901380
396433599
1137429739
1229801068
574500124
340859762
1612623677
210469806
1669590181
1701833289
800202904
1009087246
105269609
1599967336
1469159591
1530090501
247529975
1050096046
101599539
1958951811
232145557
842055031
1764009577
779821365
133892271
1454987759
86772346
1744152749
491377192
1166478049
1991162313
28462814
2020488962
958166641
1761732209
517149091
1906097901
419485300
390518835
1877958809
1879326588
794370080
1635823107
188351676
2091430703
2137895141
338893752
159352561
402741135
1828316022
1130319055
23744248
495276567
957281947
1151634232
1291158353
2079568981
106072564
689432255
133974101
1253213465
1758766946
433591911
286138062
1506629127
1040052781
559853195
226181805
1345593315
164398610
1062449293
818954036
2026518317
597060721
400758795
2086908809
1041412606
191136906
120834242
821935886
920402217
1252197722
1915387350
1183975790
440260032
62870461
441535063
1595887383
117069558
1514539606
1433945453
683997394
617297116
1398162255
1164465481
1188845304
1898979607
938747870
590131974
1302289843
224075113
1832647945
437504545
48222954
909764108
1456064241
1231149401
524226310
1679782945
1228675452
719469219
617542796
1676489647
1749923849
150329520
588837725
1607421833
913565236
372655743
1003842459
1217255618
1731557221
885761182
1533479739
404867196
68015186
568029625
1967400230
784203480
442288697
558739754
1970365723
1176917581
1045622335
2017060948
1989617401
634500513
385123972
543666198
858399568
616346816
1842593196
820600936
226385404
668317526
637384062
859481020
423676359
1265277923
1425589361
1311563430
2087873790
1859141212
616051764
1564380592
133830506
998140906
1001876259
1330175953
1689089079
1762687371
1211160747
17895823
1113756355
1878540124
303678142
284688466
787988058
149362760
1991632410
1301814569
1310645931
1366884800
1980589748
1032170809
805527742
194927392
153672169
1462732781
1557842968
1550208163
1410974928
562901319
370149083
323847070
1688466555
1660629539
717355547
1295359470
180886036
1562267075
322192362
667285275
425249159
1312939682
104306388
1014443153
1987438233
2068474788
514248279
1243011812
1339612974
601731877
1651700362
860087225
1095897174
719436772
589869614
1304337593
577041260
1782889292
809886029
734395093
1886839143
1343734020
1678390559
1234212998
584528833
1802582634
648001412
665679542
1567050873
742505826
572044094
1488062869
175872860
2040080566
1879515444
28545152
85103654
285147593
374802286
1453295520
1198003754
436718405
287326306
27087063
1789164526
594981437
882501077
1308220598
51974729
622376009
298516632
649181154
249765815
1440040067
702363786
567586947
2086989116
2007688947
98047107
191306298
790118010
1158648941
1104007342
394266339
562049256
288161858
1159681128
273416507
107075352
1505151183
618788250
1660564348
25661453
1017720101
2123771672
1235113998
322028192
1715009451
54989522
1983719339
796901095
453757585
1891377446
1916347300
385533785
821207383
746307038
666203667
1693496663
1388610412
291012849
1290132810
2039867428
399771234
1673998960
824500380
1997170355
952232314
2009523832
1433126100
610842025
872998346
960981124
1104728092
1735079596
2111204369
1752283583
192600756
1478494703
21860482
1461028550
1402798665
2132635335
2124853117
1744254507
1577979884
448449372
1665528483
162699355
1334779491
422676673
1625076013
1234032763
1211980225
544289167
710359125
1367114618
1384497293
1178817610
2059217078
932898198
236575764
2037164898
557101883
1886626406
1980769286
214326993
342263421
899835838
1838792580
2043423725
97753074
1505168278
1752332883
1778776103
2131340587
1617326658
544830047
1281760833
1802697050
169793586
1397997949
740310542
1803188553
309608512
429542319
722893091
1734407509
785874144
1689548430
41734211
248126709
1021472417
113792128
1319001300
949578454
2127670402
1911415742
1019080424
821568174
256302353
2064574804
380421362
867770841
2130881889
470421101
596521446
1688286920
1077269084
846979088
1267227111
1957308121
1656041665
2114088054
1136677300
2032053095
578678790
1992484031
613791467
455199071
1851047126
761511911
1537214758
426707943
358746103
1452131355
413108744
953690692
505859256
383222856
985409571
1654583297
220176256
1766751213
751140454
1474757955
1548685034
336627382
1391345732
1247320308
2076305772
1999512988
1008299680
1500302288
1174541504
303562970
1445971179
1346929283
816259689
2025384566
221011966
617477662
1102500707
502239034
1626583589
292209586
1054125070
142383783
1677390116
2076371235
831759221
366413616
657716697
1397916089
755482603
304234700
1949705945
331743542
1504299864
432147251
1879532277
1785149587
1886741121
1482279597
1111019712
1645310225
1665511492
119002131
1527810073
1916674357
1908417235
1763359241
1809234114
705771781
1226332686
812065648
571814157
1119588771
1484344163
420432404
1761328103
134863636
876930918
492375675
1882186507
1541867727
78763929
751779814
430738055
476860224
896919130
847454643
508464511
871473347
409045844
1900274294
1923850653
1045622117
1813970726
328925346
256416881
1305960172
1729557588
711620908
560968247
1332452362
540111700
1388167643
1008201585
2052499770
361137899
186849356
604092276
60330210
1309056378
893904440
1509935742
1204769864
1827503973
605534111
2048846231
1977935471
1738109973
419678866
1684764665
938026107
1199035620
485592932
352732817
1184290060
2060970315
1334483988
779861477
145447732
2107600441
1699411693
1206555712
1915199880
842359173
857661615
1010347914
478482231
303972777
1799043203
1945919553
1980818896
64245782
399229961
1850015104
1732277380
1687533395
670839861
1125191896
1519978834
1311563239
1797798116
1429391100
193943647
957737671
1423378180
1612461003
1492962085
930423980
2031020757
1991697773
73193346
338020293
486428446
1161778910
362448504
1175295471
310853989
758496983
1983473114
916333947
614987599
473911255
1492470559
1562578643
368789000
422316761
816784213
762936965
2072881265
342394774
1050110615
1950097469
1306696160
100618734
530992052
1751727227
975449651
1381320258
102847035
1491471611
1181618800
92311968
1679077430
465440669
1887020124
1281169531
553841957
795769670
1013278796
362676661
1378944538
688913699
1323244273
1806483352
917381780
271156242
679820475
186310488
1616999461
1606814592
887218348
988212918
1645868622
1938548689
549254371
1729344371
265984958
1295702364
2082154613
1860254352
824255830
1066052595
102421091
1544489078
1512476325
1694298232
70209704
561247737
1504988474
891068813
966307082
1289410633
1951244505
1220271151
278283266
1804074769
867133239
193994506
1125488521
163192090
1688956938
829121996
1824274454
967814404
1319262729
2035805692
714030625
429935894
1002581877
164388212
1359463871
1755397149
2052599525
1790049904
1363608965
207263897
543519917
1509477685
55056263
1603914571
2011652916
891331062
780466783
192896930
903012623
1810251526
1603439472
671169764
1284823164
804322075
961342883
1607764775
876077250
692682175
448761409
1822816673
1016015240
1450886004
1213701465
1151029642
1104663748
469438190
1099125910
2020879725
136797497
1267687087
2019634496
1775467760
775207707
1529826844
1903944776
1187189755
909370126
539112732
1301977305
867854078
1313315585
699120877
1451082554
1646196566
2070015532
944958722
1409335634
1809907378
1218780656
133747374
1708617868
868492953
1745190232
248568718
994127394
2123246566
340263203
1818196275
51959400
640856897
473958710
1763834969
762673166
1520537564
2131044997
1440858208
1792245586
279479595
2139548165
2129472353
1077925299
293127413
266836598
1714598822
707116979
1460732551
218519697
522422971
1366820065
97685576
1216863513
1249615834
1260674693
17437865
1968840959
242195401
1263705844
1191613103
1203425803
69030318
350011752
6510038
762214617
1953292756
920314722
1035610113
1706618883
556561555
1174623164
470665673
93278278
752400658
16110904
780663638
2089396571
632680550
1671280200
700627991
1848327166
278725956
1695052010
1565706423
1910580228
1040739311
1353434434
1623356712
1617769857
1339333176
515885907
966569074
1738519150
828040361
901685322
1823799617
2084497864
241654673
2127342395
289965247
618869023
1244667852
167091211
1295964352
239573944
764066697
1718300783
1891346110
387776795
1013459552
1500335972
171973707
6428268
538506775
450038977
254630201
1266212204
733396387
382632155
1312380974
1189056712
1881712179
382599381
1799454047
771734495
1149522598
877535851
1474544070
365134820
1996792108
1583614028
263461277
1837464489
2108926848
1194742028
2062560460
488180516
790690077
20682622
1017604847
235395149
668070301
883188457
1636808668
605024855
1061742864
1788558530
790526276
1975837599
129470956
1185534197
1507856318
1223892653
1543899751
176168162
925032768
1154355880
858449216
917676249
875192903
1528417642
393429254
1572817856
392888811
1045358795
1056106615
1081792255
642789590
2118887629
2084367035
1281448680
646098955
842720439
1535364371
2105682707
1265032695
1449378034
2045079415
1571326778
1499418572
1050945584
833955617
296355633
1358284398
1722101816
1414873800
411225629
306103455
474532577
1163138045
1387168772
1746927283
741735064
1015900733
693682152
1313855740
1597196677
783857787
699039589
1633351562
276580012
198319366
503810271
922509349
1576340264
155033568
187063801
985525346
1411957449
1352500857
1870248339
645984373
76485234
2033545163
389955646
202316558
1774632645
1913038080
1412301602
1112511810
1146540888
1397097559
1276205831
469568747
1995203060
1085200309
603567330
1338628311
998452386
743652208
2125654417
1565395565
1948361479
1490948088
981151059
1374799577
1268915338
191945817
197008529
563508902
1471496324
418238431
200547521
326894656
74060631
400376032
1889347549
1836120626
2081352523
1732964355
2012078241
1644082867
2025074681
791132279
1111037288
1310972283
1435239122
219634295
646689260
1770471151
104485200
1260674127
1905043168
2018078523
260282608
325026860
1790672335
549255107
134242180
1597687996
918282557
748796710
1248910839
736607342
80696134
1468481545
194403352
611906551
549795658
1304484434
87790254
1004661878
2100505259
2134894759
1287314211
1028205266
1354712860
1344325516
1554189069
1439482467
819455864
1385235745
1561758372
1273076820
700546683
567441006
963636910
1969218206
48403750
22959770
2112137761
1299667633
651227419
1293359815
1691136796
1238359583
1918772623
881238871
310429013
1412596708
954003205
1788099912
1359939283
673873910
494439078
1819409298
175938970
1663694031
1687286651
717110610
1097324170
1179423166
2016292829
1917150643
760150713
117166336
1888954219
780138881
1539804217
571324941
1135778742
1487765672
1954262131
1125980949
2106877341
561019259
249042635
1798583073
1882662959
981508776
362630583
1233408431
1688878215
874572826
1965714792
1446989436
239736325
823339331
1787212497
811296769
1117723332
1846654541
1001169865
1406634929
221959517
1444073077
1205510065
188748588
43178750
1400376072
120364895
1492402311
1835595039
559085861
1141693557
1289835625
1691319363
1941351226
2028855392
1300108778
565295396
197841757
1899997608
1569195280
250746478
191976431
525322192
1021027454
1377077937
1550648523
219239864
1024746941
1847621258
58629070
1840280832
1132731192
572652263
1342703823
1857779324
1982426852
179180158
196072313
1768174013
1654880888
915320405
7575727
1371277665
654245406
397725525
415875117
981181086
1514521262
1934830520
536020765
608664757
2066277342
1395657674
901016911
724661194
1212731575
1936763791
548321708
27613350
326568563
272009523
1776611553
1008133405
903703760
15391204
1057383945
1566278731
1484784018
1245975376
1198399099
685339086
710898504
165695738
1432439932
1628665904
2064146988
1386400658
895315049
1355205105
1459572678
1694678079
260298429
274139414
1353124326
2025349626
155586564
1346914564
338726268
1011033361
717075432
1123834789
1873114879
1157569953
1888971251
123723320
1572209887
1705819333
1347701055
1573373096
1380092727
1124735603
1581713214
569096337
536708737
1307038874
1020142924
174478306
1157586297
1646017429
1086871896
1265488636
820554106
554612885
803337853
1873589775
152998070
198677119
2012540509
1881926017
1025549450
1028662497
1849800688
1749594618
2127210361
617856359
2001104635
815016233
676639211
395644503
536626751
1529152237
1287509365
313396070
1776381992
358386828
1286608226
2099422454
885239060
1170414619
1966828770
30709774
421691645
1279890859
228430975
612400487
757314756
1740111455
1773056071
1480081874
2078270005
536086047
1231130765
1918561205
329255503
744502675
6166953
1400818311
1162943663
183112468
1635711871
1232376694
1120311493
1631796038
2050596916
1409255921
1233523593
820882164
1357400822
215848703
808167950
1553385150
1635711829
1003495934
630341538
980262998
1592263891
2071585095
1604388325
1218302681
1330926878
1819407930
887664293
381717651
407585310
469696937
1787457747
444186659
1522385127
1773007862
1070294420
1710423958
933866956
1609565595
1508541319
1933240651
30841764
192450827
148935317
946119198
599620032
1638972367
1137482061
1848538284
847669252
1127389606
511231213
685699654
1228739489
1435520817
584906879
1466846664
2105468889
986423395
298273646
143610430
793966054
81583721
1354189312
1252642834
974201006
2021335738
541358722
1065018813
1681669879
1890904696
683242101
569817915
874622703
1595016642
752858637
936635648
135189211
181063711
1282299576
1637432142
1343228617
1634941865
241702067
1054041103
475596423
866462021
1770517348
2063753702
1797697998
789673464
22715312
663862651
1639463755
643005604
1007183601
2137892240
1214730905
1915087066
1436929699
1632664151
12639177
1774449353
1109645608
1062085727
908864826
1231770237
207607624
302958873
2143151271
1991060915
932998335
664992903
1234653884
1314329977
1312822641
1752937288
1309857063
277023670
667188465
1677703369
1052255616
2146247888
659651601
1911728819
1705574123
82550703
1564411515
432734863
101457226
497436384
270453590
561199651
264934559
1125423170
1331188750
528155686
1275254624
934522070
1569048288
1242206572
871147653
1639938771
1846359394
52435024
1033496297
951493573
583612861
884469698
568851103
16112524
905195150
1920051466
1839855317
287754840
1591018837
523863226
4873165
447725864
2127734101
652967271
160027141
1926326620
135779224
747697926
1773859362
347311914
2015159170
1037788793
400116860
871491672
424149732
1408845910
1072260136
152441559
441516435
1590543631
51091651
1616771989
1957670754
1607435265
899460691
1677885389
170962
1905240669
2077138972
1525596477
1765438191
436879827
1940842612
1052910882
1252921674
276319135
1779675636
52680907
1010804695
1577567725
701805113
1694662380
830679660
732622939
1381943727
1371490889
14408492
1942923318
1355057981
284183306
1776398879
1220662078
968287671
1475185647
117070585
2116756015
695481713
808135725
110385810
1437010350
1690482899
892397857
1691482307
327913368
2100633888
950920379
1454295735
683570340
990045976
2145133505
768373201
1159190793
1523205866
872671267
284626134
370264627
803910606
995944308
2057135796
1408733149
610940998
1167858097
2087166038
2137711440
1204116479
1511917149
1840083433
1117396690
322457456
688715072
703804861
1167284673
827682055
527156031
1848586874
405587065
16932180
457246486
955770031
1054941880
1609925551
1132388133
841559669
1255659145
625113373
1334088679
1697954128
2032461121
1944956807
1782789672
741191750
647854833
304631364
1017389259
2060445375
966944215
417465495
1018568896
846949891
33644157
491700528
210833437
1004562284
1739389731
1740077861
371215028
1530906538
1730116486
541900012
130030434
539229312
1918545655
1303875864
1117199904
1840296203
285084741
1936125914
104307338
693990883
1930522543
1391988281
378669649
644496035
65445679
314347120
1115561651
1240306979
1252185709
712455845
1021599792
1796765645
1155471369
680539206
1295028718
1019781143
1369492863
2007640907
1015341158
2128601655
45801041
174872192
595443600
127540085
1021517836
1163172263
1606271815
1464601526
891988433
1850880851
2006854300
797061764
1231377506
2040833187
321490466
1419872682
2045027567
562150543
1957849511
1721760650
1135648421
941958450
1534920292
1048208227
324488780
2104172656
98097348
1442121962
654261216
631683204
493076550
680506791
198465277
225366083
2018469218
188503566
110320544
1940827802
1073291980
2034705520
1831219230
1493877810
425329762
2116641552
1721400224
436340540
155636742
2122490816
566754432
972186805
1165350972
366774423
1242879839
670956209
431539432
1097342008
1331253768
1704278208
1333875415
993633892
1103699112
746975713
2074650318
1776956547
392530441
1032347877
1796159072
287444048
2117919556
905619578
2124194588
8887559
441731029
131947103
1529235106
494305521
691385528
43867920
1223153015
506020793
1593131884
1876341327
1203771994
58154731
132438598
879339981
898132000
507790319
863416007
1610972593
23988
652753757
1348357609
313528071
688764085
415778161
1471875586
1021894995
1978116184
510460844
1739111022
1761293618
2050418681
441993096
1192827597
1119772520
253203144
115923723
1409076762
1412975057
708851626
125360788
1441499141
862842526
1289490728
1857729347
1743501844
1814770217
612137599
1085267628
920922337
501908460
359762807
1349439079
217436901
1420380861
25976729
839379985
295718845
1854337190
939321822
1237555175
1297044330
192550239
946284108
2136301945
82189014
82746079
1651113051
1822634647
385452236
511393868
1347178101
301010890
912566360
2052564074
1883221629
2068096257
923478348
350063248
1021518515
238129251
1883696658
2081137235
578354208
946021947
1414629896
778612787
46128349
930867475
271224387
232346536
892316507
23191316
604699249
16391812
1052745920
991831393
421545823
259854844
262656291
650033211
169055380
95558453
1804088591
2085266114
460817918
628390910
1675623763
2068080074
1637990192
1775531846
1534838254
606911157
846802146
1616772801
1222710911
798339339
770405236
61119748
940631729
1752970971
1140596052
1172593485
1582874866
1226315700
1543799465
32317276
964962097
414270983
1628585939
1519748183
2132484568
46750720
146773622
240849041
1310134493
480871011
687568432
873622236
2031069151
1418840643
1240012602
1329533418
1704557381
1288589841
1631829922
2085855927
324668862
1585692774
1773041483
2096013832
886876724
507740328
1177655517
2026219048
722023908
161699667
897149833
1852321946
244011135
333368619
2003544477
2128928787
850963520
1906143079
1015128701
221647819
1639628615
1789212069
971745002
1325912068
1333170288
2033854013
1073094911
145692606
1696365069
47766986
1005102332
468681975
584809923
1030005375
73554809
512016793
1187469799
1305580275
203739907
1931095090
398739690
460686404
1026908679
1908207238
515391992
690665066
1208162115
1075502940
292163117
448267764
538541908
347442168
1929636941
569409215
163337952
1921215967
182195645
1134468348
1857614300
1553318896
201479012
1957145549
944858943
1960029116
1817932596
1198708740
1705081558
297619139
1613676368
278056720
1068359726
734704713
63888457
198464595
80698183
1607139418
538738573
954050373
1598341340
83237743
655259799
2031527564
839642517
1801434304
1110760853
1350438874
2009442422
1286181661
64347232
176100809
124377310
507691514
2114216376
235655605
535822387
1100602972
1337823344
1897819854
856730817
413026121
987440396
1101799030
1188583683
1461881081
1474414650
1883451295
946350005
288313039
719648006
614300536
1903242911
1224824559
455607495
697185916
344181624
342281115
125839236
1873891252
2015303706
1195304758
370226718
1039523322
2043517378
545456268
378910342
876336174
1387131579
368817635
234909218
308589122
1619083431
325940037
377206356
2056788651
504856099
218082503
2021562438
599458691
38462064
1378415209
1981994595
311309007
265465749
1556462732
1997952863
1392177844
1699284230
533462940
1942590353
198634419
132999051
1943131065
534904712
335541140
884724944
218328433
1333899250
309604871
1235560912
959158609
1792723617
1377153646
272298054
1022844021
602342244
68068490
329986862
394540813
1135256356
1156015208
2086624463
1698153891
347321380
1056005736
1690190885
375453437
140863683
1240213835
241790657
1170679150
1621966850
1964283300
246148639
940038320
928126954
313373204
1351790636
1402647333
1595555802
1598979976
1292381647
2067880838
1623736320
136030423
501120275
301134143
55550849
563429723
711969440
1400304548
1009212658
1334341469
1806928742
1774192917
159377833
1587871347
834392420
795004803
859116503
1525824023
368293142
1432417673
1915966173
2038782325
14934035
57762688
1071554347
838783240
1378841305
658687931
293056908
1840549199
482360380
508886697
1668563850
1065819785
2064030231
1244130100
227617922
981834641
29073580
609371466
1228236844
1663042111
931141283
437648189
939071185
414316952
2091621762
822857766
2138627670
412088767
1734100590
1017306513
1465333357
47113203
605881693
735677080
185952849
9593302
1423439249
97690772
563740880
261779152
1427534938
738003635
1630027898
609060126
769903799
2045122751
717933480
1665597986
1421882791
819302846
1242213217
226274323
470318456
1087267258
1605910223
1272064682
761744410
355513524
133146210
1767344345
405535155
807784894
1649411019
1787644691
1279405538
232385663
827478267
1006820789
202370487
352679096
1704789087
1445083110
409958818
709479323
774574078
1303211125
435189801
1756416363
626050188
682903894
1707099172
1253387100
1147889031
827838631
902403130
687933682
1175955425
773066723
92021893
1694779136
493469550
42360961
1258629388
200944118
2039995288
1138762225
1917571161
774425658
2141969848
367212532
1846742029
1508277240
672352827
2032294670
784354540
2013205965
2145721809
1728185653
772672567
365934580
46358783
985241733
1400828222
1327787365
569000875
32154536
1534359858
2086985262
652182674
809374320
1315875900
782470391
1017487091
1055349949
1647149170
1594981710
43770107
1197696263
443512843
1118314702
1197647113
1651916826
1522907317
1514682426
1791363250
1647722560
138914365
789384566
1140909691
683051723
2133663059
1263610325
1508227936
1612595863
741232291
271069882
131228999
1715799251
1736443160
573210803
1165289454
66953575
1023401569
2064652687
1553874494
306589926
844337394
1286745619
1269672206
956554149
809407127
852660348
744197865
1196353020
864784703
1239313259
706021550
1524922456
1762790316
670991681
2032458724
961698710
1473328405
2088165042
915280966
147122701
1931104726
236186847
224833450
1235069779
1994953766
1084662385
1542404403
420084693
1469150543
749538895
676481718
175663262
1659879431
656819660
1039195931
795856257
76916326
1986843800
1614938807
697174905
512441468
1860242459
1316416650
1084760661
2046270218
2036751259
1625834477
1931087891
335722248
1670267008
1686144912
272266027
224734839
1749502804
1449702783
1692436473
110912903
458504265
1712407859
1308765472
2064685108
1323003389
1526118876
97314528
584860145
1990432151
14951377
1470166167
35397927
1827901391
952654837
1918357864
209514300
2042436349
1655734773
1440937639
502611632
1485011915
1822347216
411057103
888231870
692259347
276034338
1369633521
732760312
1192780879
1826656184
1020632973
1466217532
1749666600
773737852
1092985409
399193249
1416689436
222113361
1535736038
279966687
1871727844
1053334975
219426412
1752894209
1243113827
1908249286
147778483
61448407
1567899381
266054751
338114467
92907010
893572812
1631126186
1039556194
923980934
1965692605
1726186875
1473557576
241004028
664667194
732334083
593363193
118301860
1996281174
1513748882
1413871595
556630658
510328280
120022164
287388311
828052194
1009541101
399307784
1538652275
848908629
1030135465
1213803400
756076226
917935456
994760851
572506565
317092153
762187406
38609325
1802029194
2094096178
401732631
1186882903
312406383
659440831
1826705172
92038795
1857506638
2114313727
1043717577
158379378
9462931
337014802
392770412
730173312
596559755
553780488
717852357
104325689
1718813308
1963512089
1019353296
227174815
399373274
1818429563
1868729209
600803284
1686618265
853022406
487192854
316913346
1856146051
141290569
1774620128
743721075
1424634054
138538097
1014929486
1205986257
1029003620
107487834
1435234748
1785794100
1823492351
394851271
2116033138
1403107314
1076569215
1271263134
1240477102
1511833155
404700224
1779945076
1110763095
80027809
1140795288
589186934
773950024
532724649
67069844
380416729
93151736
1529429855
1741898670
1693810804
1052760637
940072067
406912204
1158439296
278197273
132834148
1222782061
1704935696
1102193952
1292790171
1259843471
551060546
228731196
386577301
1606663010
1919030976
934449937
401388360
2004653017
661226447
1813661874
796003292
840210107
1963151793
1894700124
2018729191
181939822
559678954
779602636
1605729034
1118316140
1878805304
1219636341
567559454
448167549
2107824493
1704132930
2059214446
1928730159
1781862127
1549514880
484325379
657359859
2117294830
1107781337
1075455227
1120429609
542524594
19113413
509295283
1546926301
1990677069
1003839290
1669400438
794463139
491796907
708169525
899584156
95707313
1804603030
960994369
945773912
1332636262
715345842
111813561
489060402
606601526
1784795007
188427813
561153107
1135142540
1726809031
1481768317
566396149
1798737409
184348612
1818134882
1722418068
1198481962
1426354253
222095473
644891424
744917300
1755762161
1769688103
1254895532
160705783
1816135974
385921642
1073404554
491501624
31958162
672664930
54634177
975429537
60450328
562938889
1485700362
2090375432
1120560984
396653110
1542618726
69788081
1909871695
147058016
21095654
882086196
1317874469
2081872316
647578420
548390145
1347335679
1192157884
1062673125
1612662184
634388585
617103730
1086645630
978493417
406306187
48637787
409124319
1626015061
170962928
23782570
1523040006
10315098
170143724
660570774
268727757
204876283
363245672
1558346028
606028241
929206957
1322871574
891113677
312588149
1638286450
468565553
373961620
572655613
16983266
1551399324
395358837
1654671173
2112100360
697355389
50898663
1542962695
829379742
684051764
1240362009
257010009
1457090769
2010632669
1937626486
332756443
1637222278
1852983392
1948832319
99050494
186526979
516290779
937529796
1722024065
1224273618
729959854
1785416772
2053413972
663372216
1765150464
137866767
664043945
1134912997
808834679
300562350
1801309466
1271737732
91546424
1155130007
389968241
2080300460
1200251359
1308011439
1918129160
767789982
246474991
557270869
1261055305
1971573734
932123113
189230369
2063654252
1700922131
1355658940
90727194
1232465665
1053743289
1797901650
339817021
697601813
2062228584
1451569152
1814661804
147189312
2040733477
2009764163
296056623
483605085
1422520902
471038595
1874331947
1087596106
1865927085
940383889
1303554863
478476837
1069439261
453901736
1354429980
1430188952
865113400
1694974895
577717446
1330473447
1597602196
697962292
1697858461
1014504136
1164190676
1837108019
1035229955
1747799706
2062179414
1999426029
1058675160
1572846459
1810828586
155758478
1614579451
1917031567
333690159
1871186244
671056177
1020385793
1235267446
1179394192
1547320039
1486061178
2068667808
1876855089
2072059249
2138462598
710986901
556287967
334050579
1842105037
1268984999
2061327829
1122837989
1079732050
860345421
749013929
1567046250
1675953387
909512999
1352857527
2109708968
1935987827
862540913
2006880388
21046875
310605208
80487376
888837080
659718261
354791948
327857318
538019647
1461170232
990747711
782977438
1805962399
1710670541
1599076464
1498856982
882938849
1448407301
410730281
1333733421
1079109378
1270131938
2005668059
707775860
910987543
1873610994
442154301
997579794
1142154110
2142410947
1093346909
1450193159
1411216228
918786493
1142432664
1102439990
398831681
1542716537
1135584291
213281592
460733689
2097371794
1036966492
214788958
18851467
1469083654
1475801185
430177844
598230065
917000497
792922335
413499140
1590344040
240806398
77538104
1820117969
437157283
457309426
172256752
537167793
1234251308
524433661
1251208492
1913886166
1022450488
1911166496
1880643533
1184784712
1859012888
32859682
623772407
1276390350
2079153206
1189339448
1055349050
827954820
1099507286
2102549170
1694303006
1198301317
913838481
615088964
1584069017
2021891958
751569723
1749847988
591660221
62596161
1343420392
313455957
635620834
2052510294
2080248829
305527344
1099786629
253142788
651693771
2000576298
2109019564
1127000886
950390974
1412578322
196191125
787007183
104377873
19687686
1245274642
829806937
1903483204
545228878
635899347
1591342829
1509339587
1536193446
1969937747
1778565691
702874072
2082346017
507344508
1468973004
642780691
895016219
624086388
1146907669
87551358
1858569867
153133422
287914343
1040799323
870980542
992924538
541476880
1183870665
1476489306
1207725979
846010890
479982844
706855498
1671941077
1744277380
823515489
124858117
481440966
637816434
1539142597
235824755
611421199
2012929925
1880643736
1309763218
1569551621
1017877538
1481109710
483734620
2146719609
431976754
252389253
1192603525
1416199416
1348237518
544393447
2091832376
717226582
599903063
854121073
498332970
2117473942
520091230
83766362
511178448
1627211866
262514445
138190998
1277093044
1420164110
314194442
1814578329
575179514
1739591428
1078765816
2076463984
329366294
1136192271
1641630048
1084532766
279787537
2120849110
751289350
2016104686
1723993604
1846412998
2031276505
384220717
624053759
340769920
1471545185
1972641102
718160405
1905711434
2099566021
1959435304
1735085966
731317117
1152773214
637783790
1467039617
119549905
2138462084
1289462825
955142171
128413520
124366736
1615841461
280475725
983634523
624430531
2076611386
1367947637
213820480
1541386975
1510372103
1843791072
1399978617
1914559252
1696042014
1871398529
1223074284
1656064953
928407131
710689618
921952252
1161145383
885677534
1194749475
1684868469
1537045124
1299178613
183198704
285227037
638897931
166912210
2103923783
277264806
1060984348
1954815393
933781134
1864156724
76033442
1450164035
1290429892
271038743
1154674147
1036784893
1336714904
320109088
1372977379
27289751
1883838832
582405004
1606104705
409743703
2137593431
165109992
1109191519
1671056075
789677636
1531867671
1317644242
904109247
1823999450
1968069675
852663227
850959315
38759203
1667140145
1809564335
1943935656
2055590911
430338264
1908054066
463581739
1373730929
981816084
950243637
826693853
2085410258
954339709
1257661289
1989992252
26322996
974345147
1594422944
2144097893
464744985
699252743
1355446625
343834069
2108806173
814651683
1312515989
954388813
1897158820
361856032
1086859643
257976020
932994603
1918835682
895343843
553290052
374046708
1746059731
35138522
428929107
998822476
618761510
243803968
1172204564
618319127
1118710625
677724586
547031370
135045598
2117670893
192701094
1451474777
1792770874
871569936
532510298
1926159139
1428995265
1471036993
790841043
59992675
1319970652
1246765987
735904299
509671321
1654016875
1971002500
765428832
65907182
1151512228
118926623
928505182
688456454
1782333485
389430561
1796161814
1064506730
806672904
138699353
1684213315
956896042
54831456
307918975
474429024
1702186845
928587123
1744653777
729858479
1873003927
568937429
217474762
905256906
857381214
2054328375
1170567052
801326476
1372797852
965039061
1981176903
1075718735
1743769021
700990366
329513460
1607775619
1987337260
711950389
1200205288
1736199450
418673298
1370946524
395345404
933354960
918936758
501135274
2024461020
58730998
1381005353
955273866
1587016940
1532997921
1064211729
1272734044
1937070583
1824540228
1526001777
1514172616
924638614
259450363
827743168
389316003
71265959
639634616
187818409
1110042805
1696829373
2055901227
152839102
851728488
533788003
1057478064
452980807
656477592
904077093
729252262
2035471238
1260265930
1605678440
1249222824
70168304
309459088
1309238496
1374976798
778208410
153035751
1937660293
1333224843
410383231
1349090149
205203243
855955477
1457618425
1847936316
256173149
923048989
1874035887
660835455
1628195346
1046828411
268149979
1177595153
282622969
1734315134
2132939776
36415752
506574101
2025198481
775996780
1778811176
839539001
1806794885
1320265097
1520890268
783762828
1024398899
1206037666
725352573
277937108
1113860386
1874707701
967824103
1672513788
9563101
1415921448
849107411
619646880
1217635273
790266951
23865907
51488884
477001480
126020836
230319826
1785528580
569150087
606375754
1829717600
142336788
2076299441
1385495008
965939941
1452752366
1869612041
499201722
1868694553
1256071589
99233430
594495507
674775878
594315283
1191849098
856922257
1080552418
1151692578
801834050
64464984
1758282589
59189266
1813202821
1567209201
980423145
665029695
2086705092
1124903083
1116940600
605786039
137339776
1250910527
1761084229
732921967
170680815
436023857
1665812614
2079805498
1893276429
1719651755
101985729
2075349093
326711459
1588688234
312621438
808131573
425194167
547261309
438350277
1923094857
1334502496
63334441
1503670866
943707085
644140444
1653688680
544508815
421262617
1560949001
1794606835
860512079
771539451
415839425
2130383602
1948620847
869523423
1942265802
1607988184
245801653
837541372
789267228
643058252
2098254088
1611549719
1349647467
1026625809
1389706998
1437612443
1940070287
2078480333
1149839545
910711423
1276993569
1635634498
1125658456
2123207373
277281991
349436050
959190382
1598403335
1889230040
1819803709
1075178576
443905595
423327082
861576971
1143892093
1146578947
946738235
2033341807
1698367835
581226181
1347894324
1426274661
1187523247
146138332
157639947
2091618500
2121028125
1513616965
1514731066
1550610456
1189735068
1832108469
1853620987
835165519
1414871260
1127608255
1154984026
893557202
34795137
1578594948
474509531
2142884654
1379745450
793871347
1267083045
1953831133
1803093972
883070991
98380140
1023955388
821615680
1969363416
70707338
1246815981
2104529358
262497050
639404764
1288855568
1403060069
734676736
379451984
751271945
610584757
1021497395
147465246
321437693
358496648
768164112
1458485813
386825171
344553556
1511896770
519467541
124791700
1794377234
2040730948
1855816309
1495004657
1754940529
619726875
572837576
2046760206
82651166
379943504
325975956
126724749
1575760109
76196232
733742776
33107196
1138175697
1095789654
547458470
1555902892
1931419149
1662062086
712558424
1714588432
94922893
297204881
1238459644
1440954573
1383464794
686261719
1930632738
1184557993
644549471
1295966218
1047941952
1004148460
1150544343
1536751312
1409562957
835837082
1804486338
202662234
881334745
1373879472
13512091
189343263
1023889499
1149888981
1171974276
1466432005
1329914403
466630330
719800201
1461140088
991991378
1510553469
1122987930
1815380300
103131996
2120520477
177842144
1567305750
1187670858
1458617204
1166698508
2037191909
1405337162
1366162687
233545854
2103841022
510981101
1815101868
344799505
1258284897
2102874359
1344388485
442808258
311738163
627984583
1951226343
444577749
1043157891
419263820
2040026154
1177971584
1186736907
1657933669
1010766212
847781708
327220806
154985722
1401552463
1181690793
1201121872
9629019
1522546446
656476910
118450880
501837881
1720634206
492220547
2082197953
972264489
1499935931
104262635
1438349414
836361222
1393082071
1843085371
1519073128
1244391374
2057099131
840310769
1181576068
1592914717
484831497
772490213
1750238653
276839793
1621200210
352958716
1919541151
1539880496
1785071512
1663143646
544657010
878910054
1054167248
132000217
506032161
1593553136
1909137344
1136930249
1445689380
59633026
765838263
523284772
92793745
2032539451
651118801
1598108001
554782523
484618952
263774611
110340286
1789002899
1526871348
1024201530
246800525
1072009692
521990439
142501442
1426586439
1233692617
226091834
1434303287
1040159665
10120906
808328830
907237440
840571980
858463602
73329157
2079610283
837263237
1500788503
446919879
1860141243
2111984517
184788324
1519187170
783564998
1497446195
1622265540
1450244105
1049202928
2096288395
1197140259
1541698973
1028100922
1083371247
631393247
1850654769
1537308126
1155344986
1923832866
846716156
906762375
1267098890
1204562241
885856834
252551582
943298218
1257825390
1053478994
391526863
1604514104
130132316
773079222
124447182
1813365427
1411807873
948082213
1942658402
1397751269
2069566967
79227415
338868867
58944817
1948457616
1313399039
1179609336
1329045888
311180342
828334051
1199221189
1047335122
1074458315
1474787621
361528135
845503662
1411513069
740442861
1057821149
120564222
2118406288
570199849
1977867066
953079316
1762625490
1041731785
728909229
830136218
1171172140
1209558779
1647365333
1639239512
1233921917
17297397
1765296064
1010422470
1534833790
946640746
1496921651
1159014943
1144040254
1489696734
183281144
117762077
737969376
965596819
1334993037
960304669
1220847589
1653050785
353647155
1961401284
2007636124
1595519023
674154264
530755733
497578642
1209624355
748176290
2097992246
1828782654
1998608481
1097592361
1158359625
203498339
87288433
780009788
1565143560
6270748
1232709178
2115260752
1231595054
1064308793
1836728875
390150160
242819370
855891029
366885511
278544321
910629146
1800193042
1430338089
204989275
666519764
539676504
324844585
692717119
654755967
1815544649
1432730341
1373601373
1014977532
248176972
122300614
223011527
1285088021
1358708595
2123501826
284966765
1800733889
1640320595
918313255
1956928315
551571265
2002557181
1624674165
1651150284
1370144268
696501802
1135471617
1991776535
1212786662
515076354
787906880
1288184702
1974786574
903027304
179004695
580504868
1167338027
78637934
891968235
1220765441
1667730595
679118782
1138191378
1999837428
776962437
1858797829
405239784
613665602
363068016
1922751811
2038404773
24702626
181544200
961418900
778027453
1793557763
1172646403
364558940
1033605745
1765607121
200811528
1513764299
1752827784
1892114227
159082125
688391921
559959707
324926630
1103474233
1494333164
1893703458
219505386
161528224
1383129713
610784357
1324170984
809910339
1796365077
141736059
1478699055
2032830756
1433265532
430074240
529739696
368485845
1098248529
1146745969
1391878879
446507703
1583459914
192461652
228359601
863077215
747216061
785555175
1091793195
417818845
1035226609
1701811496
1644646991
1624363162
1430250867
198884244
519974575
2144800645
8122403
465087458
668489607
1157428382
1858838184
1430545709
874005620
1811061661
1547643984
1373413804
2019461164
1031310593
1692914842
2044135760
1730516909
132085579
930777070
1738512135
1699583444
744889597
1198864361
895944185
324887491
1494690231
253067188
481881113
300032327
1461823369
1142305980
717429357
938133339
147863649
1720145461
1008995478
489581978
673486993
1769724365
1950860543
2126941823
174815954
1860279899
1815469193
1224603704
1984169601
215104532
797302594
54391792
1216608336
1748097261
1334918991
1826200633
1374462221
459189179
675797164
1765349842
2002519984
1783143079
1084026988
1503258984
1137603386
378185342
1011256498
1867374520
594138014
316170784
1721194091
533688114
1406460630
1506945232
476769641
1649349446
755162120
778297199
1115681650
1423189467
436037870
1117238144
2096434671
1855676294
1099411620
1158886453
1661162020
746954146
706796299
1437885592
716528536
1065324108
1132982971
1315848018
687299018
289169409
1058426409
1342710071
1951122690
218168394
1663226473
262455016
223902741
796892720
342648125
1149973978
587010991
117028779
2044872881
1245133668
817807850
454863429
643618561
701552782
1597632102
1273723572
433481910
746347807
21819433
972228766
547901894
1190885257
1127166553
1952400681
1694029198
1354031565
441674537
208076060
878560550
1101508827
88699957
604018047
680941847
907904921
1426465920
1711740801
1952630250
1572400176
1371119664
1326300807
2141933093
290218178
356852938
469806480
14889328
1668535015
1807800916
146913620
395306520
1151399223
1286274312
603083345
1500162249
785522549
1150055717
523021958
1480272267
795057874
1374150742
1155839317
1870569165
877921760
67220919
80229759
1580937091
278274399
1138799147
702830633
1152202080
305423355
361980995
1281670581
1165128873
133396015
229604466
2045265931
1267890806
1679332863
2117128151
1734465160
1777244165
1017089394
476949909
416065840
1452287853
2146749941
1998210328
137640498
479293078
90912610
1483876984
39137374
903514070
1528473878
221151011
387933458
711874682
946522751
1910965246
924583174
1413391909
1571090367
44806324
1261156621
1694209744
1407541717
1728550198
1912930356
705894434
789519677
1936228702
736254421
135920161
321413395
1049791662
2047182907
847167549
1371415544
519842999
1962559157
1572745199
578015271
1960150659
1015992025
2002371854
1993163923
212877039
1148925467
658511138
158923546
647681273
2144488881
366995386
94074866
127464948
1169291231
434449290
196409796
488320873
1791465649
133395854
933119456
184891776
674536114
955959923
2057029649
623318955
1751423733
535260533
328589575
310665240
138328737
1481960180
1065798949
160070444
271770261
2138394078
1357931099
1910752076
1737971000
348071439
2111770474
1543383369
792026498
1773787918
2034338809
494235596
1267972399
541315715
387540443
1680365293
1853709489
560649126
2046069562
1555869298
1087795714
693214085
1511860420
1295826919
1063079297
1248082107
1416455823
657249743
1210514117
1542236424
1602809197
1206760709
847200406
1939669367
2064075244
1329675694
678288029
289121226
1742116132
249773073
398517555
508488890
850559049
786554337
1856019875
771530484
1945895152
487468547
222969433
1500670564
115504635
1149663135
880854944
624629273
13136874
951094163
26718908
2095648706
91059778
571101500
2031372844
196638849
442575199
1957300116
746217285
981190970
1310915942
594464806
43184607
806519619
442755378
66793641
304849273
1982055797
373106021
1444013387
650433945
401220746
1574170296
832570061
209469201
1580707160
1330166834
744759071
145144795
1888158474
80148288
1880980
284697457
910853569
981305841
1884292061
161659444
869957699
723900607
597233725
745349064
716118278
435841617
147471205
1837129265
823263907
118322366
442558938
1159345825
183826742
1091252941
557290237
1356423954
569086496
613603166
1441359397
89732744
1958659949
1980810695
214433564
1805195334
115422467
1489283872
364373585
1075033077
1987954071
789535969
439314880
1994392848
1535879289
1249016192
257211559
1680168915
635672084
719870225
1790662977
1736840317
378250614
1506519605
1923778219
185958160
1496640828
1818663020
1290893562
563189148
1978352101
262896575
827966797
210040978
1192178456
1781931561
368943582
1521479307
1322695420
380215938
1097708865
145669249
284009666
453635899
2012808129
1426579772
1579330078
790862623
1364714857
930693946
726916880
602249122
1539714954
1777098145
1046284818
1460429635
1722372859
1267548122
2131020627
1638995430
969690523
1930430280
459140870
1691996344
34010720
478505186
1071287229
130872231
118551421
429960655
85045601
950521046
1729991534
33650292
402236300
1332607768
225130781
1238220219
207583273
1180987932
1431478571
2079985537
1867127604
1795596167
455569315
624890294
798202648
1932724156
346169395
700931414
621089169
699620647
1744343908
639423105
1090466912
1697239433
2052820735
1166815530
1561094571
554292641
321251212
392897472
1768316363
1660524104
2121304770
609964271
559142374
743790829
63797108
2025688070
1742852954
913474255
18789792
1017071709
1941260145
1646778081
210516036
200294201
1626575930
1401562944
1878809399
1925236236
1508650275
427027900
1941440363
609046682
1109849841
224836029
1888666697
830653790
35927800
848479823
732733297
134806760
105820842
1636472167
2004435860
372908756
1511468775
1672402780
1198535557
1015597182
121926590
600479536
375857820
401695498
1787371122
1268465508
946589035
99397865
1770904710
1199141490
1387407292
1676138216
581982112
652547057
1028589656
887489022
865732231
86290491
1674106601
765909125
1313422189
795236928
13333987
1058622001
1368024224
2027654641
1045842809
1477225788
1806360218
286434347
183123925
625659912
703749300
1418355138
671489359
713465805
2113865907
1257390012
758716521
1968979981
594482749
666194662
1179562778
865371843
1817794817
1535569638
1320057805
2020052226
1698271327
315484075
1370858707
1907573973
1050020862
1954087187
1461609077
525904436
927220276
459550228
697457895
1593191306
977276733
1865964216
1308276849
1905918998
1268465174
220477610
1809882739
1349395962
1930577540
831570953
1096627398
812844520
2030161057
284304723
547804423
2037157071
876839397
718004071
1930380963
1920141252
196001303
2087504337
1170239614
354410656
278783324
1896924372
1279212027
725212925
1261977332
1467114175
1026967780
432335890
153861363
1715803037
665866858
1369580668
715431803
2122877806
1102165080
1944815104
1816582570
163183701
2030439656
86192338
1116469119
162184274
625774774
282453294
1396139318
630395793
663015815
406302259
706632730
1187131592
1542909434
1864309008
1390044363
193215893
783374501
1296989018
972918760
348545745
1763434243
801462745
543938167
1865734440
1418420884
31782853
2039582642
2018332265
99840981
595285329
613700280
1282357853
1042270253
1237499889
1521446043
576017506
1675335143
1445535766
1517661237
949604056
1909901202
1223196333
938738098
963104545
625922822
1796119872
931742169
705731652
2107624389
439151734
1193177412
1300904912
158023479
456944993
1548216871
1163719486
1238220712
774068293
219855731
820037260
1408411036
2009022926
1046054952
2040319968
1121367126
18642845
2145978728
468086117
384966775
211253777
1756405304
289466313
299886411
5519043
1658000456
1552280094
1313208537
1308850339
1993359474
935510375
1347987184
856212903
40842458
1029180384
1952400102
455699861
1720684595
1546103448
357016455
224541601
338928368
1883096825
2060798993
1195340280
33552181
303949011
1066928457
1700451214
1155101197
1769594797
1990361205
1811569956
603165971
826574757
1499017147
1362978783
340583082
513435762
2057817165
1931118070
1442751250
1848940741
1777098526
1176334574
1329805751
1902053291
1741721894
239106234
306881719
1649677653
1187639754
479521680
1290386414
1833310798
1324956145
1625954278
1384555915
42415498
1228471849
325428342
965725848
1692095426
1300970155
1393386536
990743592
1299577427
482274198
224098928
943476503
1672893597
470215466
1281096564
1721700775
2058309014
727948378
179944838
336569164
1818385188
383164828
1850251522
1752309560
604050253
528754900
1597466727
1446027617
146309098
270542715
1342924650
1993818550
2025164758
2052984122
130396322
1143468864
1598433326
1706021573
1325234576
1507815090
303719799
874578766
571774309
1144042310
287204969
914817535
999541992
1348298528
1178300859
1061308608
1912489597
1528638617
1304590926
1883097008
1907541543
744135631
1027066530
1121334595
1671107598
1003244634
2088242145
888603499
1056295272
447065348
187006081
709795306
1344415622
1458970962
499231336
95760923
2131216552
1209712558
253261985
938311767
338420631
1913767341
411660084
1906837014
976932336
435400226
204274685
771676717
1373726267
284321577
1822956405
306734486
1831230201
764205673
200653843
1138439219
1472946211
1906148981
1600219275
507619754
1653871999
1288993599
878887822
265533503
2001076395
1892632352
655085817
185941217
967773787
2021805940
1161294541
1338390589
338961355
1317124478
151253251
1681710141
2084570180
1391061735
7141496
338848806
50871071
1053935304
275818602
1067059073
654319387
809207845
19937583
457024284
761648461
254326528
690475287
1481564287
452879055
432480757
822839608
1715346954
106462818
2147239878
755176760
1558996177
1650711133
852347529
640802422
93814237
944521216
205042804
103431794
466576276
355741039
2038596063
1710955933
989708954
1138867083
1273475981
1224011908
1564960050
2071184142
88374585
1196572460
2130872192
1586963986
1155660905
561175033
26310941
978797251
1863997324
1034257725
398536540
1434299875
881445910
661528524
1523376745
1578641086
1892714616
124305347
2047525540
823478715
1309390520
1014203594
1408641871
1127103376
373304960
192918460
518891054
1278489842
1333802823
1344415976
1440754990
1098594741
390049766
1816941719
149041154
1888421996
158560656
1986367110
353414646
832637256
694030775
116620830
1763971529
1910933768
609410210
1425353732
1259959276
1750143142
1808110386
1224388611
491087295
125190026
1837241474
2110260426
706876193
1409608963
619994596
772888321
636017916
2133100080
1014973802
48970749
79429025
426221693
420044821
1444966206
739611914
1930758709
839387944
463463102
1917963125
2024554884
707597062
320678448
253048357
25721018
975045418
578378562
638164789
1797509663
1128299133
2090862049
1694260670
1660623807
837175468
329214675
728764989
556587107
1593665453
793351706
1588783078
425189378
1443475282
1809994425
2084128101
1562764408
320580218
155840555
1841566880
1133542133
1512514383
459039287
1305588924
2031321213
1325004685
1600103979
638082942
592665128
976896838
1237217474
430989517
1216262654
848169740
1543053936
1413508554
1276442008
549919058
1446539183
411672850
1738251835
1998081722
844549105
1500225740
2016526749
1786172379
258651869
501245017
46070535
668491364
112197487
431120499
999227981
1435528281
648912760
2055357269
1107195945
1854281566
57572018
2073150029
704401441
744166790
1112144808
807258618
912756622
908595140
594762398
715903833
992002774
741840320
1791349567
912314270
1574397911
1629149979
210843282
509224031
1214952035
1432235860
90292075
756291359
2472494
40024174
699683771
69385773
1220784853
1517133943
1907461034
921603312
1093827373
1493213983
1473441264
1058604349
1296365409
227899325
488515381
76234405
573364226
256439655
2143340015
732811678
1528193314
1432842076
853493986
414917370
1303656439
1537876457
872631878
877514248
1590224001
1385556165
1279653394
855083183
1423240844
933891520
1054573751
750294743
1984547897
1165491975
69434962
472999491
391556388
620273295
91701007
1808110012
2023113455
839338106
27622360
1594844529
1962692226
1806848307
45725754
1902595043
2111735643
1656690745
1535156488
869861714
986054728
215856722
1052509229
1673238825
1338488146
2123039762
749377075
1764479922
1066812685
1201110326
952238688
621731757
1593812058
942850715
747984442
1725799531
222361590
1590371452
2089092669
1085356554
1185823765
1476764345
1739152660
2081720020
1463496190
725324285
848463957
1260040669
1924663410
1315632288
1644501198
1248161966
460415421
1408870708
721539534
927108496
2070053301
1337161067
1833539473
388951541
1874089320
1148534442
1926006829
529458543
923192807
369339623
601250107
1369484115
643587242
1492820482
92520313
1231418271
584325166
829492106
973439230
936201421
1966771768
1567024741
1862096377
2087487336
660479058
1068860601
179777976
337571598
883888061
1574217408
662445161
1041990926
2093418463
814271378
428712592
726405203
504128787
322430995
1367059037
443425097
967656071
2085160806
749459355
1826854870
623582740
326527028
1777668790
1450601779
933678307
1541660842
2087683875
1221981061
684168086
1881213811
666197222
35764598
985907610
1658722691
686543797
133332141
208664335
614031352
1893551038
1595303029
1833391650
1820006172
937036979
1583342901
407085865
1099823865
199848092
1521721797
1001308375
955515789
1877431451
1144782662
1269903408
864487430
1406199892
974602654
600414272
981336562
328935447
653778298
1039255136
852019536
1455730014
221050545
1529766065
1309193623
1033455163
1391225167
956236619
1040844220
1902578384
1301444141
1900645000
268741570
1916504573
1342745539
419603151
1595909329
221247229
1894779683
1331295375
910773663
471066565
424649367
1344383993
1748095979
1381591431
1493754600
1039222291
726044834
2127103277
1828247327
2019296180
1507516978
1625643788
2040873559
24377985
1834931885
2070511772
1706532417
410051467
1450290570
314403139
968147531
1990052509
557948225
786600672
1552392323
292318570
1845350906
452159224
1977043417
1145501783
1131954027
1282519141
1412065340
647879307
2004323183
510435957
1438083501
2036893044
1737644942
11254966
417621196
932711344
1559175362
312209076
120257306
902564349
686658783
976930318
1359179062
1853248065
780980918
130579337
1976846736
1142356051
1730616175
357378305
1249687089
1046413835
1823002865
538827901
1225061733
1107787364
1038549391
1183398651
1000179689
2103312681
2054063636
939639932
1518921226
79853633
867487537
1305637204
2125759026
2045904251
37338802
548150304
1327592364
1710610808
1290891362
1954040047
379791931
319025050
937003843
1071547200
622549381
658316194
1898909104
1400811484
841797257
1622334485
609360122
1223013454
1105591639
1004095340
1169619211
1080851665
942458088
11402344
1910181136
1006993609
1738677106
1168046410
1463102432
945161347
59768665
577805991
1390112268
1994541626
33930973
1467542433
704796377
104839907
417948725
75348126
1254864419
72284326
699307331
986220091
1713920731
201781490
888817664
1631755704
188594118
1086520382
308817557
6339743
541990222
738316546
1726716904
367782114
1860408298
546332058
243020663
846630781
1446882096
51740187
811191627
34438942
2005240464
1733876303
568368377
834833624
954123716
2079786707
907348785
1162213485
1600332360
320532023
1208841534
1986087769
1467755078
127941279
477454641
832457938
1345236320
2085028104
509453070
136934781
964609065
2020443450
1108901698
1523263380
1172306111
1580327762
408577343
1172109493
1049265125
144258537
22428709
949405160
614357473
1470573095
1781995447
1228518587
166409321
385592184
608164273
663722496
1134247434
985810768
951829804
1788286720
155677918
447440688
2123252501
965772300
1928826730
1155103097
670374486
84015274
844943344
2138079965
1290531141
235107244
1013776857
1669389877
427746507
32848963
1446914949
1465969371
404759967
1436739682
240989087
1577640907
684135695
172144522
1273722401
1024737498
144946545
1119190892
600350226
775214056
541973933
1658494777
1608950292
190592686
1051001681
2109882423
1229550771
1032618098
494248074
1278325296
1286828721
1704188817
227308430
2123956380
2084094513
206221891
1549492818
256602433
660478293
1510319114
689673998
795595122
1267971469
630545332
110344370
257503613
302836779
222081815
119929097
109410475
2041743233
1507108846
1142569505
880020040
1313501303
1661476150
1196882198
25739209
1153694337
1823265519
1187100805
669686191
1747211884
906201160
402843212
925256041
2113782703
467756467
1984628761
623942502
852610183
1627086497
1960348293
2082751098
414951133
1815646815
992544065
1730222409
1769756437
1508321166
1529488704
1540679103
1085210306
705631330
709170218
1409395312
667654584
1139817866
524050752
712463369
242544651
119454049
90782486
1258206332
1407790446
981402870
1525425254
1877397865
972523367
1575412598
768152410
1080573680
478241305
1840599852
320466309
1290138234
628022222
1289892428
1840665350
1697635230
61816092
903646056
2081522341
262566161
1665441276
118946221
1513940096
1757599356
1596645780
26214192
1166605128
176059583
1902235552
209482430
1464756617
489595879
64814348
629463891
1855361103
185447889
830623583
1859964930
1568596896
190969278
1051459699
1158872051
1085062733
1344827083
39828666
415229528
1926777909
1691523644
1498785723
1528817135
754176512
185562618
263549261
421111776
635427616
1948470048
1780634918
1646714147
1232238203
21544513
533242051
1428367918
858098730
1198291043
1449404788
685135808
50085348
419997200
1087913921
707908904
943638305
1369681538
1340977349
1612193587
1466640454
1712904488
2106000054
561798733
865078434
1431218812
1502586551
690247195
1293562456
1510040900
1609572534
956172217
1627348919
189821979
2124104149
48774586
1790023139
1860260283
38108447
1378626935
1471391976
430401223
1224341406
153433666
1340190857
359082506
1843548815
29753013
221475397
2121253143
494395917
570039940
743805909
465052729
1600659690
1161509567
1197897952
2081768338
511468020
246821182
593632491
650828126
969344593
1887555353
842714531
338389940
1793905996
1459628192
904333893
18628287
1879281575
1069252639
1855000888
1071071353
1227503261
1643732549
247116038
1892945769
1934642415
863603899
1935395992
432891406
710464927
654154037
613063491
713250121
1813287902
675207157
1839764071
1932872932
136083401
1925123433
1856360818
217969445
374057365
1139457076
752407303
540876767
1311060418
180270423
842255833
90127024
1446341063
1942899766
608590783
1090436869
356838073
261304429
