1905578388
475454550
1899770173
398538691
1722787501
91825521
870061014
673515566
127829906
792252214
125773679
1252911807
1506089431
1371222446
619382002
646948501
1561746700
1275800592
1517304429
1839599032
1542880233
344749231
503586337
260878249
967891353
223333730
570622510
47792886
597156792
1317252787
408123491
1491278032
1856540316
1038761438
1271000055
718834404
532021128
764825000
421730658
1299647795
664176592
1694459064
1672659957
681265363
1712219712
44122863
1502337499
1959818368
855093926
1613316218
1744758698
2113707432
1103012331
2047646297
1177405045
4300825
1387442924
18276680
870732678
1092174203
832508411
539148359
829280517
2145402762
747932927
172157486
327586794
2014320767
673597522
156789036
1929351819
94750173
1211664449
237334105
35807907
1850068678
170420908
959248809
246599221
459832290
1005165413
1336307497
1386009107
1363767768
1203758894
598401855
1208690845
269611149
315314775
1069842265
1326305171
1162323431
871945048
599343898
1689076744
1819249865
951138328
258445261
217361503
1910870357
1556683896
1243146921
1026219422
171682435
1328295829
970398062
2109185292
1424962643
1511316138
1542052694
161966435
1601683379
280342643
1201530714
2057034323
724626426
599065464
1648337650
872641740
1411634418
1063976888
1419154501
1585708624
502021432
1585503830
669959986
1978766637
637404448
1244539633
20611544
929585035
1343074536
1115128465
1320365653
1295142360
1780878027
1404425051
809758892
992230356
1154368573
513613416
1668703105
946632853
477641858
1329188804
1487525972
1667048352
1287318969
655926812
52314651
1719388028
448568247
515604407
1702233210
1914049304
1103216847
992172595
765504689
2067290668
1445058361
1745217817
664725122
1223543280
1405645545
623059969
1902202947
2034964591
2068814440
1585143634
1295895572
988183500
584483837
609699175
653920202
2083790085
1937191493
155183115
1200211645
1583546198
1489361395
864711347
1843145958
603611846
902870254
832434338
1996846663
967727339
1545715046
598295264
1470625518
1363161098
1807608566
1069498095
364156133
2140438213
1254558612
1095163934
2008757987
1487100414
1493612633
736324227
1419826626
488946759
1607327397
627024951
1577328489
568000694
955890071
158763033
901051588
1775954092
1830440045
1814564191
676743471
33678203
1066983138
917876
385259402
6603032
1054949278
337851813
509018079
323252936
1340083824
591307438
812913125
500792397
1929081709
311571205
1353249074
343381485
1204061791
1585544986
1349276146
1670160914
499498085
724093579
1381331954
761572559
412784936
1865412252
815714605
893293706
1861660483
665167389
934196756
1911484501
797871669
735300206
893957257
1675829797
1488927093
570672072
281407758
840897492
292319392
2079619642
2125684605
222309518
2126913301
242053050
197650960
220925170
384497459
90850483
1145914775
1261734639
1665000163
794128061
1025924301
1334144618
1756440897
1787595644
1134101101
2067856055
899830878
1350177156
294515597
414808760
1007484425
399513049
1718576228
1168705445
617195205
616695500
1424168691
1548254810
878933616
1846692871
524795238
279261825
397161866
1942811132
2101641076
597410218
477625925
1826090723
1597668623
1230424929
621815592
1171408875
1238698991
126068157
1588755597
906622028
507165820
879883833
1897640786
426474273
1101374447
1936691492
1386246380
382219396
972995507
740994663
1802045753
768798593
2084773392
1814736498
40730677
540303976
617645744
1802127630
1605787089
253578615
528817640
1835888414
231657405
1206511004
2019580442
1886081552
1500134167
205016645
1838796775
1476442752
753643119
624314289
1254361164
184961419
1362809771
1559223932
1259915661
1720042515
1180665033
1169409829
1781041331
637331296
960650204
1762552721
2019457790
140233465
1164904388
1446401177
101008573
222793726
1833340927
787680335
1824321024
270946968
485670476
715745302
251391035
279999089
961108875
1272989987
1540176137
1652891713
6357669
2058934391
1060380132
1727185952
1268459849
190155137
2077874433
1054432257
1518393433
443381943
507583644
2100469743
9028182
55951797
775253204
629319520
915706993
762539925
2139028888
1346015964
428604268
1503681352
377402517
1753393774
179234883
1538545988
1206215957
1864519128
1859030068
4563646
361060217
230059850
464099497
408107856
219680284
1035910843
290820691
1492392959
1176298768
1540815067
2040437391
435567330
1929171434
178588093
1293200910
1000224898
1417172837
1301483149
161327746
1290661874
2136718459
1270073491
698468993
158968412
1944998091
1342485281
8643494
1543790370
81209328
901887718
521321532
963058248
686713820
680512445
29876980
1398452334
1019232249
927257722
819876832
1321750007
1716372749
867209461
1712751953
1015259083
1510750534
1725244831
883587065
2055018792
948550622
69338997
372774240
1077175149
868798612
1191617627
870412478
315625904
2066110534
2018630448
50880618
1139982494
1584110854
569492097
509918485
1066769636
2069444651
1169557185
1738286311
524606520
1206592662
701975209
1642447514
222334656
1681926080
215633755
1213885406
337975201
2009011255
1116946712
128222248
101991832
450074974
330526781
784403791
813806353
547300111
135293826
1598487763
1219054399
856551578
791522485
448985435
437451145
1884582900
1895183191
2014624694
111469824
1985877496
600055906
1216228313
1864592523
1208953767
1926222177
1528428726
1960310631
1276333985
152726184
936957035
486735542
300290643
491929317
1029734103
180128000
884291447
1817317270
1024327369
1769441969
1626694461
45498746
754855731
850891130
1131536544
1871539295
764718663
305172963
228462150
1425528623
199002117
1675419653
193456221
270996476
335681503
1536440393
1514379677
2057615738
418093835
1919988112
793521325
1526929632
1633665724
2100100810
1760578327
1036369453
614958923
300421656
1459885301
677743505
771730955
506445274
2115935723
758673103
1654587748
1964209901
1352266599
178679463
605798418
1678262273
1131710331
2081912856
70631469
1108215315
252177178
308639300
137726996
1038891467
1358558430
1760865498
1378678274
1329859435
1275332661
673664021
1025751316
2011501529
1974186391
674204690
268751930
2142485388
1961111717
581904109
982261455
1966272884
997760816
506296933
1864469352
50235063
2138102587
149138606
1670686682
826782985
1822296273
477755446
1459163817
376771105
1562999164
453132122
963198259
1879921747
1194918758
672689275
1123911323
1076610115
1624663227
1930729338
1307232666
1761242251
1801129769
713158388
1265487643
107741718
1391449749
511990522
1161986364
1113409247
1749503171
2110871899
1488821303
234621299
1446974126
1606482769
467443535
988905062
229787947
1400346583
839481003
891900290
958365107
136187056
1103086864
1264234472
1945425729
640696968
1120380542
943193227
1688141919
847197887
1522155129
745007267
1033566547
160632152
131678994
71630985
1062656921
1511022275
2106046803
676973711
519322153
1306093887
675933345
1850321568
1509539092
2022677601
631882054
1588468289
1381783213
460791685
401240856
1804922720
100139279
1947398378
1653302898
134360312
1684406429
940965096
456531913
733056692
1995199465
1726759908
486758409
1769794672
1015216535
706088707
803769086
666436270
640754473
549946846
970628288
1390122944
1222905284
1232858202
931058269
1053727722
1413255448
658489882
1476697379
225675348
1141604642
1706246298
1521459078
288470045
1412018436
1779527486
681381292
656785937
823751725
1592163280
1350874546
1776078058
413154715
1230547993
1210068321
795159074
656319056
1429139553
411450833
1998672502
1338256029
550864271
1711948625
606044542
1165402132
718770101
120627795
930255377
1485299171
96116956
1626965407
1129686591
1956991438
864925408
321263176
1545410925
970439846
1069824695
899903696
1780264809
59467516
355250261
1924708292
73859354
1671538210
565527606
173731801
1633797350
1783173063
408182212
1729618565
1853295589
2042108972
2036563188
176574236
830420192
385733474
1983607707
907572152
1176544129
795658957
766330894
419192154
1483529675
1503337523
303241146
856815288
1313950714
257329917
69099957
1076716957
1452839721
844314593
1968255203
1984795641
1768328402
1337534989
149646675
1148568012
1715331968
95928330
1340975698
952294658
2087328171
958078174
1899681011
645792692
683715851
2037669049
287495405
1632896132
1796468417
1964527820
1919170482
1074111964
693857409
1517731757
828765371
1121724162
2056912710
165563455
396997196
1076372943
214886694
1367635054
466648635
793365159
608264627
310622071
801655357
1663575773
274159022
2042272832
440729531
961609553
1759522532
759212870
199806438
887386859
1415598705
361567134
1161339691
677449333
36955174
130015655
772450322
1235693501
1580374057
1063393663
1120584919
1321543896
1351841421
255731998
638525483
1508786122
2095585997
1500815186
1048311888
64439804
2106932155
1892898557
1530789131
409665106
1916433415
1994281185
739756630
751798926
120029537
98657190
1357575845
1721893101
1043208319
1703969729
565233633
1693606561
479468226
426950436
1103570833
8677075
2055527642
1096001292
967843794
375975949
553822053
1823238853
937423286
1765830446
103981148
1750191648
61851097
945954325
1739547094
1067612632
693915608
1874053432
212634168
812725990
1696433028
1598683605
567134035
1890407950
1506991985
207432432
1720246328
969736060
1624663652
1437946630
1849911542
1985016037
1560689585
893039501
970981223
1866738174
1441837900
1991741448
711339174
816502379
77472351
399970582
2080300348
1304030074
1378317539
1837067195
1734173080
1363629953
1810189612
1980133580
518977573
1998803432
988593185
1718083753
110551111
1610111273
2070379954
1612875508
1734205834
290584462
124887470
1993699381
2138298770
598893904
403070693
761260987
1091962864
2046958821
1109705923
1549589172
828708748
1007442684
9561697
210512508
1350342286
941907670
396800341
1069472072
1665983924
1202749773
1968304729
1507172056
892637754
2004562036
603645173
1917900096
446225805
47842758
253077513
1084827575
1065220195
1950192413
1097778764
2011484358
1036081891
2008871064
1606588644
1412297477
1716552058
1625204723
2105703087
1951265663
658718839
1946653490
1728077882
1932309615
1414812446
232868522
49595832
1513725301
321361003
1465217049
579061201
1984114965
919875981
2103196167
1739587822
484039608
266029240
1379349844
941637448
379859407
1832798802
1842784953
438680917
1854818815
88244785
1162453562
464510171
828741139
703180446
1851533604
1260031074
1157301126
572499298
1127908420
2060713388
1944622186
907973020
1562770092
1940206639
1746317213
677703663
156757724
1018633020
1759096663
1942082638
1038719609
1362507428
92054248
1554496307
176893214
356012717
62227491
874984369
501512824
1663722677
510564812
1074431906
475462655
1803660328
914330070
499907170
1427354297
1592310083
147091305
1212370928
1767223008
1188594029
622117537
1732583666
1257909568
1591392609
265939046
2394011
166235735
1456001292
638337481
1223544618
1972286023
1364072068
945692565
1768156840
1946211282
1878435876
1085597543
1849518568
1554340722
793536667
1605564523
855299355
2035211951
262056058
1589975331
1451282791
1235734094
1564195534
1638770264
1863657699
967900746
468950024
791431377
2090228584
857250586
1879463936
1743220718
994218830
1482608720
476738682
464311228
800614313
313653923
1839711679
769983993
1914092043
978702965
1900583273
71552102
136060985
749790360
1402305465
795436868
444986036
217490626
701497829
1435827618
1567266141
614272170
1670900654
966169004
178430622
483914986
226878916
6121500
947843132
285989199
1763729764
1470136294
1642178985
1977589143
230327795
1530819447
604752966
288495970
1233314257
676093983
1948269683
852236959
1498968333
168632917
1819575342
590474091
2055041574
1839425020
1221386413
281712808
510457358
198861752
1250370287
1438711212
806467709
1095698721
155091281
1225949565
858266457
776947262
1628498274
1135053780
417124520
662941695
90606874
253454180
1753350397
1329915707
1443651213
829872628
1050703395
1795039866
1308271999
1640769867
262940452
840227485
1999134625
1828422768
348863559
1810293609
1930148764
1918638785
250496624
1347090667
849132095
543566021
1413807335
388923275
2012970845
1460559780
665923355
1718775518
808769689
2091734016
99659102
1910151540
953684072
1213087999
522876824
1371797886
648326682
1778680506
1572033907
1699425675
839039680
1154853911
696467784
418058278
1913256644
2082182357
620957133
2087343268
61008749
161808754
380878436
1334290256
891919870
1637550403
1493881298
713572948
704291108
1833518486
63097635
1543025436
1655376461
990704619
2085844152
1351088233
447648350
242763400
2099541461
1539347251
1703726456
509392553
1088170026
2060390966
993416140
818821168
724615728
1312753469
1014134134
1483149667
95620277
1553847701
1778901771
1619962243
452334566
2094101957
771720421
1102694565
1352858046
173835073
24995933
322550297
1903523924
514865045
199402186
393969233
699711646
1593604047
2004999860
1004335851
1302717593
1667271263
1584142163
549431805
1685089589
561907768
1029714983
1074735432
1066055362
1617021224
1133931228
94112983
1500991545
1398462986
1757233636
65071801
1488613856
1392802399
847223587
817641952
1744252586
278485497
374398769
901381336
2012241553
1912289433
2117842783
1888565750
1930852991
106254143
451875716
1883601198
1333052929
921280412
1709493394
407523634
461681405
947548416
1739992780
1601771257
772777870
902265924
1792164699
236169112
36162486
967258173
1683287497
1714253710
792282780
704701353
19900549
1119021848
812513734
1138330229
1856358152
1872692786
821721422
312318755
950849899
325778082
1049909084
29206641
1984421769
1061353101
1770709081
1565766791
1723158368
400891440
1879710173
483480840
1995431731
668208649
1950965143
515692386
1524142904
2001837747
540592605
1440144432
1776820238
1618176404
690733251
727573169
1481798077
911310752
1914444782
1451417456
920755989
125808266
992563935
1686130038
892591304
1230192814
394042750
257459546
1396693309
401898999
153772847
664399249
1453620398
1850778716
1192971542
636612606
2020815463
1507824587
23931768
236913665
2120586362
1870374234
866253191
480097979
41609298
642296928
1333314896
148587248
1227768578
700892137
495409076
1172729810
2052804719
1562408727
1099934644
1982028831
1461329191
165970905
222045954
1891891841
543435297
1497232251
752707227
88387330
1350654665
2021470768
470218327
1083206337
1342200403
950792959
1435320279
898383830
207136312
600164775
2112001920
1704284151
1067644358
184738151
255346013
147407534
1948196472
1445272653
575653925
857209213
1448778801
1554265807
577538051
686957187
563563491
748087009
174948373
538520163
298974122
682836531
2026066497
1664010669
646827017
1951440597
2146727292
297884491
192479730
1390983267
1455692879
2100098978
1012659915
1726663800
1390196814
1804280085
1580971172
1057478052
1298687948
1719282910
1736641830
2041361161
1467325907
1056191580
1444027579
1075071679
1327334829
1305102203
895262702
314824822
2124264490
1492062801
1721011280
583485440
1289995817
31836971
1257127998
1695682498
715483
1695780806
1638067063
1664985572
1201433925
149357115
1224262170
507786401
395935102
2013060374
2049913029
2042696490
882490985
761317268
1069593910
75329156
1333716356
964563840
196960579
1556436932
1286719412
1000132762
1576695537
1296279123
872636178
293943958
429109893
100585190
165462725
279657393
266372346
1893686213
864950417
1457094086
1375009493
1869415497
1087687676
959746589
912629071
1978752705
1670924456
1132275784
1446993160
277609395
555362848
2057499111
1856677345
2144777370
981299505
1914370390
1409005739
2027238277
1047541025
1773511392
1949663084
693027347
317733293
636161679
1488688092
1364277817
1840113345
1850524961
1151479756
1862394991
695984661
231564988
1958043596
471938909
1532538916
987394470
1361918545
895778330
2016736075
1930074251
1169034794
2056728850
1000124442
978137543
1243816361
885079888
332298335
1217413892
2145997951
1846322581
1768284927
1431772877
873127825
1317602581
1414217686
1136412705
1008097161
1927747910
1148964826
94490115
693502707
2013721516
717472111
1122961730
1163464438
1911151193
1493029708
1389279612
1291274053
1485181749
312514837
846076374
57215187
87633538
1766982382
1778409916
1493627591
1112451468
997494966
1061532807
777913754
39840148
1786888522
1269276780
2079731771
1925888260
482899719
242656679
698040905
1603810380
896581284
1918187904
892780257
1956380481
78278517
785114407
1481454496
346087248
454553829
681558891
1974427227
1630767815
1871946859
1047262610
956404475
2064118012
2059531970
322027317
884529330
200591359
1261823800
1975933387
1230603604
1270228920
1781720637
2013418515
165643719
1669877648
2001763146
986797770
1370283406
1864925967
1408016324
653388507
1768531288
2122838706
2090750116
1252976274
171025934
877656078
252224331
251503289
1897209169
544066601
28225000
163022321
1703692747
1088441511
1699809558
290602269
398883721
1754735815
239632924
105851419
1453374205
744906759
273284138
1404657629
67995748
1516418569
43560694
1007448189
1975589296
740778068
622872915
560164116
1967315258
853409445
1835131162
805747834
1620356331
71526460
912931562
118983573
1480185018
885864521
1941471038
82020452
1587704361
1484141816
1996905352
1815167167
1741581148
218857875
710256333
1790830116
967177531
339097769
1223828563
2116063877
2050750109
1732168600
1857634846
36220559
787481178
1123618387
1729391551
1744579408
609413374
26316073
1590071934
623028632
314621563
53301137
373947124
246784523
915962458
1890229352
54898560
1016369244
250675770
1793312306
902322449
434410811
1827135495
820059136
234414364
414364766
1761027098
45379162
1781606081
1513141956
1100451169
746004622
611723637
900274349
1874330300
2095755758
56749669
1560408068
504689412
1415846260
1736329837
462919298
1608528630
1646726973
1643089140
1818607940
1767654526
1632963696
193144485
1105145081
20638737
1642892480
1513010945
756949038
267051739
838491339
444495692
2000763507
1437808769
1754006975
833707138
1567723589
1017319831
1939316396
1963038778
355244051
1053053828
1554493922
1696598121
1950177654
1697474662
399833752
1366998058
685876656
282271104
1217562054
1163946036
862576188
319479389
1904803026
127634117
1125084783
720701329
1469274871
144745924
1897135220
88172585
468629126
632121542
1808631462
1894407559
1279942970
397605570
1906973915
127675118
268623220
1371241667
598273745
1430100038
1642630293
773653346
520327804
898316299
2140123656
1177455526
1608618600
1072656997
226173174
1837973507
248996678
670739048
39342029
1596371633
607619488
535163516
1493038438
1531721425
529682956
1867334383
599404062
1179511786
1164445903
1942191722
1443396514
323231465
1592939330
978974696
618932562
1047663562
1155082595
1690986864
1316332494
283516253
1039937601
223994087
1368185933
1287389567
185714390
1458641718
2006891092
66285112
1415051676
1827545381
853884715
784581395
1003755015
2105323688
1950824848
55611016
2137772723
1397112479
1574907910
1317380956
1561252052
2055780178
206479762
1344110016
159474783
1488737635
101895158
963024003
2132095740
1074613735
922155800
1982512088
590597830
1185827671
546647406
1819681162
2068018878
1704650855
1550373484
1683622482
597642647
2113998856
1967496021
699058105
2050249767
397973934
2059113634
1290224381
1282171511
719709435
857160968
326286701
972822494
606104067
1828438751
1059008826
1962130132
449705188
1474107895
1891540624
94096308
702425062
1037751266
1008431655
1989277904
213328629
1343815262
2041853939
258367777
1186982135
214975128
2065823083
1891016445
1925078255
371808379
407680542
1642672048
1082625755
1141656147
756065136
619252362
699221966
653633680
751747746
116803739
709411877
871275934
1934466365
430487512
1974451165
2058720449
1881628241
490632008
964761597
133564791
1131335147
2071762425
879467245
344947204
1778812045
1526936976
459363831
789725579
1977219909
650274916
215466609
512471073
1929387436
495440683
243097809
1607151975
1722951710
674285214
1228253060
2059047947
676964079
119916956
962467812
1679747749
858258844
1607012620
1649757330
509464724
1246504069
1396931983
662956366
873388739
1304257395
2086408846
838737700
850025584
1499920314
407738001
1638911822
1334739304
1346739875
741499610
839965922
375519380
1378827481
342129299
1437547350
1053945896
394566014
1279705788
1254302781
1221125686
119589342
1952373409
798630043
313785776
1513649470
792248383
1279337289
720381438
1545474833
2121175393
1009365817
705021206
634645194
1604448443
1131719784
744563521
1555968925
147277795
1539093659
1105129200
795885633
1426987580
835124980
207946582
2122756533
1938242738
843816316
956037059
319642677
382056959
152405546
737879227
1505842819
29052665
1049039299
302931270
773407059
992867453
1740228840
1960131460
499405462
2139025453
1670778051
92965586
1776273030
699492076
755663444
2131464296
631777984
410482463
1691683750
2086146859
1958632394
995521570
2012027034
1989540335
937679007
822902386
1561752215
236904852
875314087
1330503903
1481947079
1740220461
916789553
2073736194
916961596
1214744571
404830141
663242775
779018702
822951598
831905334
27987471
1133841457
721102175
1201891333
956806831
195453967
1392434513
1593553230
479613729
342965192
1806468118
1030623956
1226548955
477844411
495161922
1787741517
1121119509
12807947
399841311
1710606911
669313064
1868587181
811990954
675620758
458331266
1891082094
826621593
1849426401
1738000456
598961232
993621201
1516213685
828931716
1258022164
1174047242
1255540007
687441674
2044155424
1386716508
1568199300
790740770
1545071634
2072537998
764886428
1827773667
814014610
69096455
857490183
1228634400
320201481
981879451
407980111
579031719
621663531
1701647685
792084252
78664833
1904902585
1476610100
1047211603
597177248
734870516
2142867331
865231785
410839105
286130480
556896625
741104749
234085810
2071292727
880059446
879363113
1624674453
1717745190
108066359
1943135133
1801247507
398755733
701381023
39957045
28045823
741375077
134027175
129243119
1656083182
939788376
1969399101
765943239
1060867929
453970796
474254368
1999062863
1809054649
766369223
1873657798
649967313
987286196
1448896049
827523363
174840346
219037055
1884569639
210255100
579384055
298844496
1701320169
245734951
150943867
917481000
1038806381
2111810902
1368195330
310714900
619533439
556888488
1051741738
2079771474
121665509
962898371
419588517
1119433232
1942176616
1059614596
708606608
2038589742
1873518341
2050902673
18297272
71038089
2040285487
1104810351
1359905211
2026907750
1331494890
1583214305
30749032
2016192657
1236744458
1326809000
1047875275
1269857139
1534921658
1566313877
1677997262
1120154126
1224325171
1955800159
58020792
390612870
1757640717
53777403
1744639789
1422984194
1780947697
615036030
103667450
503237922
999639880
2141933429
521711608
329171834
1369596228
1678529765
401966879
123787146
2049575623
321602522
1131344797
1382343314
1364984230
1382277785
1301421423
1052175947
523931588
457583174
788070392
175750008
201497863
1639977161
794820181
2096926189
218029549
1056837600
954640837
239443809
196680348
1301052586
2129711066
815579568
1945346782
265248480
1291574731
1795242551
1355776499
1991616392
206445939
373892982
345810396
15790512
2052221715
1665331715
1486563801
1241487547
1472366218
1510107978
1825078657
152246362
35943278
111712226
144062938
1817615642
860119561
262733542
1174336689
338855266
532156138
1717475084
242736931
750075363
1736898256
279355889
2011154056
1426850907
1936491063
1575464121
1901592583
1512622967
1511451511
991799935
1892475310
1693373834
215612863
593719819
816906717
634426558
832790739
1514711865
1318715371
1046294319
1231878174
808485188
174160661
1105006760
266247851
1679766889
264232649
661607960
400287404
1240979599
1946953077
1050423266
548958662
1000631003
1961600363
635745381
1001933371
255090364
1777588349
1276460421
2084474284
1423680835
2048174988
524734172
1368612873
448875357
1835015361
1299758297
1980098465
1860140917
669636184
980470725
1431405796
381765499
659117812
641062902
25849929
404154837
1163760793
1637052503
637794246
1288846615
2038859851
254582497
1268824686
853426959
80573721
1344463351
746560937
1092456647
1579487224
1054994176
1811143186
1323917066
1634267276
394380908
73143730
1731090112
1181775775
1615491519
1032186992
1441276958
1747360222
627856533
1350386051
2122771586
608802380
939312635
263134631
584478940
273637955
323289416
2041695167
1478920744
703282148
845365362
743882316
614102656
1689515693
394896790
353945351
1709676484
170563596
2057824384
880461395
1689679516
2068015464
1222834894
2109452183
754540244
1424516806
1582632059
249224436
329875864
497282961
1481828966
2129792196
860635514
1128862079
525421928
2035469166
516738190
207011346
275005985
935241211
1286561512
879248928
766402534
1475814846
1914298453
1832746867
481062626
1639470070
651170948
1105564600
1883922987
1576038296
1230658352
1463321938
1631187797
854507651
444483603
554324859
1615819320
721959281
33313669
1321360568
795163928
1462592940
389965245
478277125
904693610
1200829716
713472014
695368699
1217501722
1360200600
619083371
1939767571
1405862214
1004669299
2017848023
2075633967
933864759
1853119722
827540429
533646700
1998472636
20911004
1381073141
1922441264
473370256
1434068947
187840920
1643090756
55521763
1339104636
1366254559
1177990278
417213035
189364721
1776868183
1882735352
1652437180
464669040
391800211
678787775
21558149
763871048
124655037
1676251454
2107805557
1912341285
581111928
159791965
501018428
1415767683
526216636
651301936
664786300
1755765312
116265990
992291276
1250662503
323854783
1811659017
1341537541
1402921325
1854512252
2145684754
594579852
680712814
1709643494
2047969555
1690752960
258702435
1850670407
1506642630
367937251
959261219
436218127
1097470586
992012343
200874222
1464124509
505400581
502427347
1688352640
710777214
1149007704
719747523
1267202209
1134448817
1420281748
1211177732
660501611
2033609216
701553382
870047981
182745566
195664018
1615041407
970148590
1613943665
554545736
132175013
1481648922
651507102
1599081499
1036201619
1889010633
257367045
864379094
913024316
1439221393
278610881
1946953582
1228266070
1555812312
1136996525
775003481
1962313627
1828372372
1792555446
1943740597
2022763490
775773519
78583772
567349924
609629984
459778064
502746752
435677838
336496498
1984185657
1159984734
485674893
951200566
1210268582
2079754364
798317598
688642695
892896949
1910170186
194975757
55390431
1066814465
1820270568
407399378
1759722360
1034366523
1197798649
481185584
1972594189
1506568787
2131602604
1928053068
1416710107
1632703226
82687809
860684512
1536280636
686037835
1344865177
128783388
685808466
257817839
373949951
1482804182
667317374
2110525046
1547505536
2108960266
385041715
1363223169
1803065530
558994071
875702267
1328979199
1584991669
1538836596
704174637
1695676104
1958954778
372418024
635885112
1258551516
357017253
1894114054
2073503857
1796446460
198719530
294543995
1553780586
1572318799
1178195392
1882612681
801594311
1907688884
1235836331
2101365070
974179871
1648301614
53212991
778566271
556995887
524602202
1210752010
241924686
1848736279
1372964348
283501769
217954512
641511953
337764367
1051429531
659698531
1181831747
182836950
1218395303
517647072
821355720
2020510801
1462035300
358080790
901775746
606187619
103641706
1017415919
1402079193
1721275081
12981399
1150210268
798440389
1374881185
997166907
1033890250
105280019
664384453
1542148023
1658541700
1395001158
1441046912
195256264
495684064
1379255899
501287310
1496067395
301213058
1109071456
1838774754
1687244817
1408321392
1530884025
361554187
2075103011
1066248960
2100242849
820110449
1706242336
525265882
1266622442
506096306
320259980
1704014091
1311816365
408710339
2082629761
1487957014
1125201847
1377838726
221591966
2004337626
45430299
1161728401
201988261
980111064
552653893
1971609916
59676468
540521608
698932585
1542213421
1388791300
478005438
1975558405
880296125
352010290
559379868
470042827
874553584
1215675564
386958282
1756961895
2047209178
756881917
638096110
987786761
1892779067
1015122032
2024328286
1992753726
292816270
70504649
106738342
820585493
1856527275
2024222122
2118757188
935002805
274924914
1242103579
1647621923
1193447992
1153454554
1304049824
1707241689
1781514036
993062443
17085471
1018554798
668660423
930431573
180051867
939295453
878535038
1089099212
1311144705
2046840618
1372816632
2117331743
2010112738
1024092196
2069081703
1811357388
27767963
1459528640
998878921
317564844
107377444
219371605
1519488991
1507962030
1374200999
1823865313
1447330589
564425976
1434738905
423808031
259242540
1209900412
620024214
1287633371
1229888555
664417010
1763269747
1630975067
1969602583
1807859381
2096458115
1402545895
1905042675
628355084
744667618
1002573383
2032880812
583735116
1073812873
1605438009
963112174
929678048
928047834
747362567
1115780880
625381589
1501179116
1192751745
1931642556
697539597
840288138
1263828720
1217584436
1790320415
1750826482
788888232
95825947
1444144061
291808458
520243885
532843121
1604905488
587011911
862865069
182255385
5772693
1016817995
803559985
1267727963
1424539965
873701835
445509485
555521277
272967079
2112628751
796564126
960244954
772946933
2072358509
1128281769
612307349
280208707
500893738
275105172
41195398
1438646323
853534507
2110941227
436219899
193273467
1125603049
271787568
193314177
199097815
1013394027
1270218168
2054286460
1262222645
2006589845
445369499
938631651
263035327
348652250
205560406
155762526
196230568
1952858746
156516170
307528817
1438024595
1787739300
957845307
1023052501
191290707
1934927201
1411359273
1423532768
1489686261
1279310337
749255405
979487785
638324804
1040271438
1231773499
1654150345
1055508664
62027232
813172268
1197748528
188267885
502254521
599913878
709737498
817374944
988196031
1872828925
1742549376
1011067421
1731621224
1159066485
1313593386
999566832
918864047
1281079863
1316411419
218012305
1415594513
531016146
1570999255
405859910
1055402143
274507301
532867515
261298665
913006615
235993199
1826085462
1969071065
1349830385
1262706122
958664621
1798413755
182303825
1823693372
774535354
480922171
780580882
1155936883
175062266
1985036488
1801911807
2001469910
25614104
1416061638
611717845
25327393
1713934475
1224105555
1149653551
872072535
1589422089
1284233776
640258199
45650951
666005872
904201006
1154077189
1722970236
262617448
2083236602
878232201
1859745803
1985011845
328475981
1338792214
551261696
379601019
604754640
276874844
1062160786
346079870
1432224641
1731383762
301254422
714988671
847750244
1946182372
1078441634
1536929139
674905809
1233010577
1715916982
1399612828
619901446
855016462
2052402344
1143853779
937451806
513558627
1809440038
487664622
56816742
1596745769
315409865
1216085885
59856022
1261403176
749050796
1479561020
2077510874
1163752011
184532457
1260346375
1413981023
1780653371
1620170635
927637590
967929519
2019528513
1582500172
712203628
1961501646
1145893737
828008061
2015072051
1940636801
1211285273
434409160
1699844706
1966400001
509577573
1404642437
86028897
505317725
426298923
1384105275
1973732066
1966178935
1756856319
168107341
252262466
76878808
206699295
1463902222
1067608307
771864917
685088642
91124279
975416696
1676768426
1108637000
749042681
1670681801
1209745221
1003416720
1892755342
1927292291
596276462
694959626
1278704464
81548208
1704481524
1428161104
1853552907
573928775
1152644039
1437967043
949997543
668324015
1511132520
2146109584
774576554
1888896788
766458409
1028516554
1395705020
423055034
119869608
609801160
1310235017
582112554
526919921
1117713668
1328961706
1404732453
529008681
710983105
862160064
1337399316
1307425352
637178451
381452565
704249424
1972036129
1146606588
1975190024
485960515
893625079
120533147
730758203
704781749
722074814
999877665
112218379
821765958
995413226
168893905
1741426701
1406493719
167214645
1092114139
2124253531
1107891673
267221052
1132246184
1038133813
1199452328
1450607020
1208451045
1812552685
1876047927
1267768440
793032875
2016079838
1615730618
1905690210
1236246097
365814322
1360340714
1018537142
714502805
744182878
374787665
1513849404
1932208931
1401023371
1322063558
95305150
1747120176
1404726191
634338777
740996157
379965106
1914489348
1087314134
1490845948
1084668034
838437340
1419701427
359050571
1059849985
1483989059
1760301265
1955613869
911150607
190337816
809895943
329165791
111083231
1616893979
2095703215
1152654588
1112586780
16201912
2060812932
397570022
893095279
516712089
1905560012
160346578
790640510
756520308
1003406249
720687773
1536140262
1712561784
1229328680
780605161
36239960
1668676355
165122475
110984931
1871525874
1175060109
1277408421
1622407220
192336881
733360959
926068669
1956572174
1410108572
149327989
1870993174
928534475
1885014223
407478495
342527228
75332837
1332869097
874958013
1548797131
1575789936
2078483324
1439640912
1854182948
2107704579
1979616604
725996519
2072937260
529884991
387993482
1839772931
32119108
1400712147
2089460772
1006166871
141455583
1220563059
1028572669
2055643699
1593656907
981492279
516335230
2142807809
251360833
5683434
1961602134
1730510746
1423199339
569588016
1521320554
426246575
90185132
1858967042
2012147519
1180548750
1048594005
1754779713
491603348
217183272
1474187011
1970335150
1933978534
515769951
182522372
1518805601
2057986637
1619155045
2082768076
1108466424
781678200
1099798909
188904371
929861535
2004635529
1041131251
1793045025
1108474641
1113439068
2053227362
1867535955
1986023268
1638103214
1570325640
1594598937
305654561
2002939509
1654045582
1967025188
53762607
2141259454
1925163935
459465283
961740918
417358279
253711924
340061546
934227585
848276385
1610163926
2063172552
148976085
597195436
1936951878
880225615
1711365944
816884106
373452665
1525236693
644890444
750499207
433922204
368659640
90438689
821610939
644333358
751547777
2136786455
1718927161
2059125737
722883141
575937280
1205411456
202560843
116203444
338775405
1781052277
449831825
1991233484
830982372
569563285
1684462862
1620490748
1449086773
331877028
915542013
930459141
1670306559
1891101126
94919898
1383779081
1715273544
928845352
962666521
122912297
975610716
1293620320
658464322
1506181305
157044771
367258720
1894361454
1513317300
251696777
94051351
1532601044
101187466
311708441
213071164
939241066
1978715236
1449570288
1365829887
1677367917
251893402
84917396
1353361713
161263623
787756904
1392667292
385068908
2141947444
86645896
1070548587
1982943125
643235827
389263002
1929734831
769086585
1496653957
1534132928
136663444
243701554
207771103
617258251
1077336564
1959988502
1067017810
753767712
786872119
1275467220
1812649433
1273188912
526878394
899853437
268236323
721990377
597080688
321022661
190861959
1186496338
1023649001
1254167338
1801048757
1136654929
681259370
1359710460
385887991
442057633
871787023
1739234896
1357826325
293612416
1689403059
373304385
968000438
146338492
1534730621
876981838
1056900339
109141135
1030793056
1940548026
1348495985
1470500279
83541736
1799983452
1932585254
1350781588
1462791469
1912801314
515368086
145379976
1481400938
521438514
1637366718
2138473809
986480868
1732222231
1539056023
1935378806
581236874
481797784
672723496
14818003
468582868
1897302828
596752854
1612495444
2052980756
685314709
655342913
551254676
1742175620
395423173
1899080548
972702636
289270629
1916758117
301730721
1714936936
134028689
1272623530
432989119
1321227444
1800196404
2144691624
559447006
1686814214
316360790
535840096
1156963941
1178057894
562281234
1033398026
1359317905
1104558914
924618116
1447038173
1705877261
95944471
1935280635
1401891115
1908108060
1978249024
1946799779
972391262
1859073124
2099152817
434455381
389803407
1586340923
1311831179
1881991827
1079900898
144724576
1726118946
1827247659
1309471950
1148845759
1648932997
193581380
191058350
1348537007
1677203767
892014584
397913442
1500439479
371395832
468181307
1770607447
1330501037
754873884
564558661
764843893
2076598561
467976462
261469561
229627715
1060455899
1742085414
1025812437
1169653573
1359080435
793154997
206960294
579483775
1867175346
1270362432
1840650063
152089577
2142897473
1969303452
512574578
161665697
1518387587
670915838
1822537637
1541390553
406782776
552000493
1707663044
1608025301
1600349299
1134549133
550886339
1764323903
1872712840
1111308573
1015957420
1995304398
940122925
1283667879
2125079948
1916578074
1801637957
1463831659
1627978277
2078621898
1280317286
1710841550
907668768
579549616
622698022
1569826479
1762996779
200888507
1240158889
65181867
150303678
1269747936
1068000508
99270282
339136340
794481724
1728011672
1182317841
1379674454
1150205922
1911696030
1713364338
294832864
849521110
596375806
291097135
1592714649
1450274057
1614953272
351006569
275704811
1978732153
1922443551
1986899431
430768675
1595221127
432071259
1542430835
1836766949
1129691338
471009202
972751454
1765028510
985235730
1707179631
1052353803
1062151419
1163108068
2011819088
276450240
1333736645
336777129
1344580505
2053235167
959308524
1360800479
992567532
1361554145
309340598
2076000373
1401006159
778491304
386641113
1258377430
4471708
1452993856
1504371312
189493392
353840843
1189592326
2127504682
661724311
1008379889
1394780361
1794248990
1953255325
1202412633
1931864279
348270385
893701810
1959849766
73752478
1685135244
376801913
1830277401
353159455
330862508
169580047
885303505
1417668711
521995013
1895369955
930311017
1240094196
2013692966
235991601
1026670867
951280791
838946344
118242081
296340871
244421280
1716542050
625842558
849481365
715347604
1353002140
1754698921
210284745
184014517
670798
457631491
828460326
220213607
1068344291
1117167301
588865357
1358687407
2078713779
334434233
1330410261
15727798
598114300
13114515
1867748104
1320579821
514163448
1991690987
1998064454
180729499
71243871
1258526563
1061995309
208736274
123222843
1136386015
2068506415
579477218
906119785
1839469001
519561881
648411850
1228248388
1676509084
1058825070
1768723742
464848844
1990527708
652196518
2082062435
1242928745
756789606
395308018
561839361
689165714
1811855231
1199438844
1893223516
1394683812
400141150
895871458
1268446995
1697839550
497811744
1722620449
991250311
843878110
175953640
546642946
2098520460
1104223560
1912983192
845377277
693261810
775500436
1613560962
123206648
913156802
55115751
2010794857
1282248921
1280512229
1956284450
1553383469
1483252947
992429977
773903007
436733643
395930449
584457758
1708112133
303214297
529654621
1536329567
1973086537
181048862
955458607
490152425
852045334
717805096
726423468
1468762987
684512301
1168398656
877136046
874793155
1397837753
2092941396
306065107
1139662623
122977184
344582263
1618680964
923904531
1590010823
711047010
2136244816
572833569
1799968332
735237844
2051876682
310194038
1029709934
22740053
1870598766
1997089307
1764635709
791990823
920243146
1620663693
1795004393
1066599046
558742619
607926570
146314661
224620611
1703598251
293153882
2042995942
853020668
1466157641
1810716353
1250424755
323145334
551927248
902310129
1089592776
1527809578
1060209162
1237038208
1365961814
1425009106
1117773729
1749751051
778269474
651631509
619616682
555220051
1688345063
318402495
1205115548
115579818
1358925235
1971407052
114924427
833457406
2086895924
225267760
726955531
1329812003
1790015442
1267136229
590929500
1718770454
2142520017
915123175
1318491131
843239212
1717009191
1691048379
672642405
154891341
333172396
991872614
2093490612
1647976376
678049256
945579486
1526228858
1894141294
514278189
554917022
1064338175
454239900
1787705116
1959504216
292924643
1127693999
473473442
950953269
1872745023
929401540
122428142
605714878
266334842
2040259633
874056115
302059434
1416522181
1675984459
1111728118
232534116
1137720938
233222234
560962732
1015423298
1109467108
1159567578
110664528
379054940
1725537033
119012037
1295888619
1096473730
292670632
1917464464
1713503228
1920069550
1854116700
2067777245
338971088
629684333
418735379
1200765562
574128082
781480824
1252824926
1337471563
589479636
1146091960
1665056454
589913808
1003587115
430941267
1879715336
1157061364
233133026
1256740064
188175677
537157135
244125826
1163852622
221958958
1515971663
882240131
727577925
1124408606
1332375927
455615799
1852010620
267637228
1191524634
1880444426
1634541388
1109785604
91716446
244117669
1482300
1248646215
479019680
854609119
346794648
719729877
781742253
1830056749
466331124
1473726871
787140778
52608354
623401833
959735664
492372765
1950460421
114907281
255422833
2000955662
427444020
2042521582
168719455
1264424207
1615093271
1846530135
377604313
1463126381
1424296637
1042047043
1309626448
439387217
1607500210
680957680
1345318473
1920838682
562724845
169022586
701675451
1156684443
1141783139
1691196067
1846825056
195204566
1641504672
1715828786
1354288832
1296593713
1201969625
1681636025
1131806194
1632321475
1102618417
897575926
203993763
544046817
1760859770
1286205991
263500064
616217135
819236417
1241732246
1088478840
572718267
607386280
1830835134
1317638167
2066277815
910960875
1474021750
1366396894
175903949
1920535755
228266785
1807996280
1411312290
475677412
1449142495
606370533
1541621026
811962016
1329811845
1464248704
1576313651
100710601
710079640
553467446
961054596
1272739088
562405193
2090353237
1485776448
1081368237
760157074
345377398
534151478
739463920
1244083404
204370627
1325928933
188560844
180974653
419497973
43998313
1020355118
1370271407
1695169037
979043659
952641500
520937493
754275285
632306320
993510420
1181169986
445695418
453010474
1392381394
1172372172
1731844117
1969965636
1111915892
1371999987
608377718
1979509450
1746835240
2031363628
1582104949
415328252
65371303
737645748
1091632731
735573148
209212212
682129383
966461130
815099844
1355313053
235811160
674658144
1598783507
236360012
646232536
1924206062
1216206620
1628061294
2108441291
1268266226
97917606
789524604
1058562156
1438436041
1466247187
1809446050
1035715264
1076510549
538091411
1959471950
1800844510
1106886263
1257354593
655759494
262098954
997352676
827461316
1368305174
1497253543
2135048411
812421105
1910681213
1575051840
752972608
225243854
1799050399
507027869
1617256387
1764112013
1021387594
337497009
1891184407
52255922
932022306
142661425
882379561
1092230831
1641397859
229626392
653023579
769430119
842050958
26713687
1861267761
1390578976
260018364
1978296878
260788301
1862586563
1624981265
175076770
457303182
266899495
1704311367
233476671
1695595212
527147190
2032084672
193549398
30498352
2092983074
954566412
404645879
1293062911
1451026829
241512854
1211176900
1930071295
1425558275
