620995842
1183499913
1417778309
1961669864
1861988093
1877913577
1780935214
1142686740
1673814991
1037860305
18678035
1301433757
1308691985
1809460168
1257523943
1682449501
2093972697
474029142
1499388231
1095926088
1768417658
1882779673
367171011
1726080707
551346430
1116045985
48956108
1014479960
2051848830
1935897429
1301941722
175049261
1139835827
344200384
146229491
1452709586
656254811
1459672904
589325161
1653957338
1944662969
1334169557
145000695
23445809
1899442528
2066938725
1274055598
1757145316
1793485447
1303678421
2094513331
345363696
1902883074
304829013
84280710
49939067
735243091
722856855
1126073245
1350717449
267767673
699115814
879555810
741141692
203984057
326489059
1586552369
51790775
583754338
1814146186
279482374
101566140
1156777031
1357008983
1309478584
2045868359
522657692
869299053
1127711735
1370394990
1514986127
248319502
380343918
1746659550
1170392327
1210616032
1308101938
1658167813
1043562211
1019706389
44483189
652092941
1537186635
237588223
1334316880
693496204
1565072810
884765786
948615277
953382964
26509694
36602565
2069347258
1505745231
1549507753
1157317640
421730772
1003305781
1649664681
665642838
389552066
364582214
382015035
131368747
1977857251
751906259
1037434070
2070559342
1203193522
1075839269
384915447
649062313
1284099470
2091302305
1322733509
688695327
788737558
130959058
160123031
1262340640
287084546
2089794960
1788193717
1640079585
2014673201
1285541307
1651270473
2048785211
1588649883
792030747
47907828
2107980949
2130837045
1920627533
538878240
524803588
1097580591
1976972432
2123497430
1200113345
687139262
1844587710
1007287620
840053596
1210321270
1090503080
1055571901
721791581
1958540775
1854173147
1332661774
1697244235
1182435097
747122156
1253116884
1119962023
1838099683
1430475822
651634598
1135411935
368514179
635561113
2083831116
758230088
253644389
1716430643
704981893
930133744
1290030438
1779821462
1242925980
1615897052
1542593151
1894297958
1382274028
1047609314
120866471
9781505
1725704009
1173849199
2028730738
953334088
804531823
1603182097
641771488
2000139925
1949103496
1919808458
1270008341
1514183657
170691461
1901261048
1956394290
586130240
1306594385
1950152072
751103356
2001909483
1394905757
1253346056
384882508
1532779233
1182664638
1779166155
474619275
1134183000
1304595457
247385979
718580497
830468280
1159562449
1418286404
112002912
1453709175
703408191
281792786
699230320
84411607
1731716823
71828907
601793083
1158677753
401380871
227560571
568975367
791326426
107431830
528244365
2085780896
1092763863
825307332
823079159
204459477
291754136
1495636190
1592270612
192039567
2132328166
55935317
1814900264
871199201
1745660446
105956423
558375761
248319188
300815351
1611375121
244927623
1952314946
292967254
776285286
1013284417
122193263
2112978904
1053703396
27509653
1446204426
192563526
1661280568
1861938363
502865850
1624384149
1488034552
474160650
664085983
1187923072
715155695
957332317
307269634
513793229
947911212
334598567
1672339957
949959367
887682738
1905161171
309514285
1504533449
135072363
1726997641
1217694451
1291947883
568861571
558228264
1482463789
1697818438
1406865836
1030192912
588472683
1821863662
1867001139
209178122
2003858928
45154352
36569258
1061813711
1843244885
455006612
760704986
669640038
1870048742
128812350
736504179
1338019157
915371028
1759734399
744500989
1252427835
640296075
1075249845
536452442
1101677326
1672913182
842231962
141986525
101844158
1389564030
297014043
1000372495
1765337992
604710586
1155663440
1595989395
62636303
967146257
1705273106
1098859465
1164560339
1001257238
1646108835
1168770926
548741745
400086290
2006578518
109610072
1037778699
194824526
59703637
1860742194
1809541381
1363973010
1964881912
1609227532
1414616761
1368707964
1311821017
6275765
1334922621
1399181707
677964442
2058303581
1540757796
1691985450
1883550384
2063022082
962083758
1095222192
818786868
1787242622
1855286377
920466905
627287654
810840914
1019609039
1761667595
1666490458
1913467164
196315298
844575044
97142483
145673140
503373083
251645409
120914986
1226607166
1061944425
480534407
310104413
1773513363
1093665303
1228442128
1993242084
481255300
1672831134
1781967131
641393940
312906121
1475450049
387470376
904115926
466049266
226430537
862203996
14926813
999995557
1686792117
1692559271
1224379315
894678553
896136738
366352027
1179616512
408804104
1615749910
1333054508
1029832250
344610775
924759104
507501919
2090024946
1685432086
1528961089
100550298
1566121533
1315949833
1128972333
1094222418
1113194805
572875094
352114575
1749969720
1688610768
888403850
1403900118
1566252580
222367424
318083444
652469602
1591680348
114689361
2077096010
916698409
1211452345
1234733588
992950432
542270406
1807837270
2076489821
1440601724
280122129
1461736584
87000711
186615990
502390360
1038007924
190400754
1288785786
11354881
621749922
1886122949
1676664926
1961916228
2055158209
713681207
1094484610
615147370
57655469
529783888
271471594
834957826
1614324726
500014594
678996905
1860037903
750825234
729917528
31244802
1519671670
1992521005
1803085975
957725412
807449556
1542068254
1135640646
350017317
344495986
1988359551
1031782019
69076963
1380718159
2078621665
625484108
1383650942
1057471232
331503560
182243025
501471729
1104184771
1623499984
282907845
1002258343
125158254
1838852481
1191985938
688794897
2026568939
926151446
894939505
118096677
1519705787
1359959328
1593793230
1805234088
883519645
186322735
1025374505
95273369
246729345
265833441
1435029938
22431082
1957048475
1676273620
1754934436
35128920
1744200631
768272782
191041318
1521704692
951680241
1430655245
1851173402
653648568
285906244
845805094
1710301602
1457197711
774580862
1061468946
1029601544
1344705649
1884959744
224414012
254036857
1187922601
1223658631
334976926
605364351
1884288036
1333939177
399758270
856225638
2031451514
1028471102
669066130
438296172
150097030
2147351434
257674016
1226149225
1095468341
310171138
366580134
1772940590
1382291175
393843696
1877863265
32032101
1339968337
403889282
75219178
1624843343
1185120827
883863607
781199887
24479189
1018148874
1685725393
109134381
1842227552
1128892410
434052456
1731863437
2039463222
420289996
2136374164
2134932355
1582520980
817001595
1216269493
1772170605
150621226
492640649
607248612
1100252481
1293978102
995557262
591669149
1170719002
2101377440
50202142
810628273
1003536177
1220693024
93258093
536435482
127845242
234359068
890302967
1092371956
838284570
288478659
1270730574
731852651
1328614340
1798123483
1214499988
471079151
239028931
129811266
507894459
529586834
622665759
1661298176
1382258532
636559606
339972424
185634331
1652778895
1531600453
1026668577
1106707680
1821010326
1893381574
1912091864
53429775
470915376
1590074340
1852894037
860616300
704343260
182259702
241961793
1982182154
246320029
1807920895
239111038
1706680569
2028830126
2054864697
1489362305
720547768
1578851152
2012115618
1191281230
898101463
856323667
2001072668
617177488
774007675
1403541236
1810968239
2120399677
395694794
1477041513
385405851
1672259273
2031238266
454172282
1188742067
1887516139
2080341653
779758353
763717867
1765338198
825635928
1157251466
2006217446
1848716107
502110358
712339441
803170905
2052538333
1610144372
1900590277
1042365361
354275471
958332043
952139096
1156137330
2002416321
579315480
1258557093
2105587750
1366152389
1268485686
637772723
1248628697
322475662
1078560240
1334856236
247827206
1218694503
1728373441
994754189
79610233
1540988432
1086211443
1742955053
1927100172
248941315
1186579311
1878600225
1030617268
1899214063
1183630162
2104703121
111362887
867710556
1551767963
1768565890
1913927677
775220189
1321356075
557982895
509746061
534583858
647930733
974700526
1784229799
903770145
965966956
646602892
1125631249
1027963714
1221578439
2140371355
1558846176
1510317071
1988751513
1659954409
1899362095
338104892
1198752110
928919932
105283682
1968255862
857552176
1194426652
900739997
933966233
1668818251
1067071918
1747676702
1400821064
1587222688
1443057727
328095152
1941468551
485808843
1561598763
178113757
1722441963
1138591132
56591645
2067856642
1996304575
1517116462
1951003149
250382506
444619977
1189150893
882733776
152145759
1887598289
1992880284
779610145
2101426969
418553514
319837513
1665197340
1812195933
1730322813
899494850
446192892
637673572
1404360146
631923655
357012277
1979167617
539764315
1846028406
1971286784
625042238
1803971847
507631810
1278266039
384045164
1492000359
154455992
1081509627
1003470146
616505901
699100984
715320373
1734910452
1919595767
1474990411
889467815
86180736
1893447288
1622861342
2047376556
216451651
434478915
207489782
1639802644
667443553
1745301164
2092677648
1998303659
1264799187
1889924631
730098992
1507008359
616833661
374804716
344560201
114114572
2037383074
617505281
1429738472
158928808
1824402028
933900665
840168651
666132842
2065366468
417717818
1322338318
580625531
8193694
379785280
974912767
1896806373
1881929412
570959079
103399640
1641146146
936243515
1882470082
1442681603
748448669
339743557
752004052
1768828520
2089630597
1756753851
639721774
732048557
529127576
377033066
9553796
86409791
1365677690
1260670009
959053364
1566300741
323671125
64128242
1271729391
2045116099
1652581799
1025767946
278697910
1317931428
818280424
1587992968
1027357203
541239154
70124319
55067770
1571740317
2079030495
554772010
1472696570
2026029055
1287015304
779725113
273487621
1027930637
1207124131
1720934850
349541252
1150796741
805005472
585803191
332633268
219974261
886624
1112180027
696594160
526522391
841250131
1043528010
651174315
393957380
1519099380
1470943278
1882339256
737733749
1027996360
115851624
181112132
1106036341
201493403
766192183
610395135
1114228174
128614402
366776949
1391170882
89703157
1526799541
576742870
1887418306
395628587
304469477
931950669
475405204
186649829
1419170640
1249693108
1616275358
1761111856
152014530
1628563167
1365169804
1615701919
1234619973
73401272
1728504030
803711036
564455034
1500962454
549463840
1114277257
1051425101
909259221
1578768884
244533628
1566137014
1691706148
1087686437
1129596064
1069480005
1445024218
1684890512
950828882
1078478775
2000502584
1169722813
2032628014
274503766
1748820022
1400281978
1268515729
891206925
530651060
263014328
1851876983
1628055837
1100925318
739648526
24316264
1966374184
1166151074
321985296
1625893066
974975541
1917483616
507860585
1473781751
320346921
92245326
1274201030
127651758
89787746
1074513975
1879963727
990573388
60591060
1347966993
549234924
383409801
593324811
933265400
1491456191
491574545
2039034344
147800238
164053413
334633878
758572381
1502204386
2114975331
590818138
816052435
1795908475
2072359924
2100868426
310434546
233932162
833632708
1087965357
401285021
617688231
1403558879
1583257126
259327759
2093200568
848034551
396058598
1613867087
1298335005
1810293606
1321813577
1128991689
983495197
220693924
32065898
1557484626
262424365
487069057
441946846
1636952347
1748426941
1564087729
589966267
163135787
762652135
97275231
1560089705
1139182451
1564054944
1770103064
1204719447
231785806
1053521493
1871685421
1783620331
182354555
1960983620
477009095
909655697
723559307
277026863
414257152
591473651
2083320990
401727298
450941526
1721069141
1832871422
1967078910
1730670565
331111289
515200626
1091848670
436097333
1053455876
568256783
3688684
726524824
438964978
1306264837
1649322645
837400885
1488081004
831764812
487904754
374808241
1024751102
711418508
2132473847
302045935
453989375
908361430
2073736041
1526190594
1614964917
1160220127
546367593
1999159253
394010497
226264449
2021601409
711991950
496587929
677929323
254019105
778528622
1725853651
113725384
1647553340
315841500
1353980325
290871364
1968585797
1163906119
305421102
227656842
1949859109
1864541756
377446240
221316113
1208336676
1666083428
659910270
660729421
1244922649
1636378788
1182584658
779020097
728998466
16714189
1052882931
872643888
145621402
1587140527
2141402772
2115598113
1051096987
2107536544
747365813
148128234
414388727
224707617
643428126
1941748471
1884043523
2019225864
182338445
1770938587
1800561159
154894444
1861740463
1224851549
662072854
1066612466
20400213
656977482
2123249644
936591029
618966402
276601114
1226866762
1217462779
422121543
745055495
809597235
193282806
2014163320
1865442888
2058220500
1799185085
858159777
90639584
702259280
1347197383
94686250
1953234427
234456168
459084495
191021814
1006285410
748594434
947024366
1677077097
1945598551
5343729
1566315766
316234612
404410807
1987657684
1110330240
1173638213
157876442
759915775
1342724529
1072461398
264013312
1506971756
1644128321
1016984925
250283819
307485586
828602530
1963130049
872102463
387112667
1958788362
201573839
382836508
1735995063
898153543
2101785750
126275152
1781244925
1396497124
788981471
1602016934
642330515
1191087902
1341638166
416928059
1262617249
1172737034
810269095
1340507659
1939389047
1552848254
1202097748
2091218263
384917252
1418026355
927317682
427774084
1143344603
541649335
579659916
1658661084
979152987
651603166
1512624160
1567643512
2000797000
1866048818
867416504
1542033890
1841358796
703833084
531387836
1391253752
1194315067
1958330021
33197031
939733532
1525010625
806369847
1646487563
817658518
1691578111
824507144
299785201
632401792
1862477110
1725377761
841381904
1281132132
1051899018
804971975
1226359590
1860003042
328833496
79154934
957494096
1213284884
508695572
1766695690
364716026
654437705
1597265277
533370243
345939667
1425415867
1518407887
1791811740
2111895472
1506186128
1328219517
939897427
1554110198
1858970769
1906064380
360636191
1782587428
1223869076
315660471
672948859
138854958
2088039967
1895578258
1841375150
1253425350
1599558944
1902623518
2020209168
82005656
2117694533
1454496972
1439621040
2098001804
45959229
930299377
424022980
1343167116
259884542
1438015282
646917130
506795187
1989475356
279992889
659123651
843937990
2122216693
357277639
1732521417
1976467267
1794891892
675406547
890552198
1677240673
1669687583
975286458
1025849273
2012085618
1509102444
1002139940
1212465894
841414789
220940174
1050031162
1780277425
1974976281
1186778130
743892728
139707132
1198427615
254199188
1502614310
727605737
677126885
2004811205
2132440487
650521721
122424714
32443175
1526026296
735551769
919043095
57625020
2008399201
1697034227
2010463491
1407457598
731865469
346349120
1648273627
526456198
431444829
1516589192
1444469997
590948800
864074105
301538048
847935603
51513838
454021616
1760715765
1518326132
843053364
1343904535
1249526132
746170230
1042953530
1567708768
45124004
1121044934
1486214018
130862292
475993923
1077709603
737353938
611970907
1615489890
306977124
1379293466
677028714
1983446280
976269571
622767657
917208555
541059966
699654902
1546966908
564030163
318937165
1122339253
474650386
1550849834
456233069
701473425
857159795
693412401
64293043
2002222139
345071615
879132439
897400332
1081707274
62392524
652078504
688956008
1055651219
1976041150
1497354822
817314614
367042145
1937799170
816249637
805944193
1472896070
1379424693
140018646
287169170
1728933020
1098451693
1521701158
855685269
1655187760
1428004484
1148866534
316070217
568453700
524129432
1083870002
1530744980
2102621950
1753670440
1431969524
371940763
109956415
618229610
1154338680
775759243
1612868500
1306658388
2035397352
440586750
408490981
1560205122
1067037732
910671239
288217839
953791261
374742416
68571101
1214497711
1199230126
587999450
575318417
1208632273
1113000374
1540427827
615984979
1938962552
853571852
818281279
1509069326
1024587500
925842642
1342512123
1741728720
1582109259
808778803
1125912341
1570509207
187352865
453596932
346478760
2081812507
1315488359
2016556093
1885453425
1445927486
310025833
1532188485
1134481284
1203850203
2146579433
225378674
1330512720
828571005
889911594
684893426
500552180
1528059701
8621222
1444387378
1000208309
1915878939
2014491710
1001011078
1299120451
935640040
138462319
649931407
1580749323
2058434180
1855136425
2033792261
1996094149
266322847
315481742
618719397
78743803
2066102123
5786633
652569268
722855746
1631563112
1232438573
1033073098
2132882296
2022569168
923204454
967505352
416322739
1437571532
1579405898
1296597282
427496724
1453267696
1471011807
1488753871
1195002702
790061921
2024895689
1846272626
2067134286
829619470
1805527010
1798776650
1455970892
802874193
289037750
2134127547
986953308
734619481
1196608454
52236169
638790277
1939717898
750149676
89639415
1625713732
2112319813
866385673
553971119
270113973
1513805463
1802364867
1298956764
226197965
1976220028
594440148
300375388
771432775
303275695
925334425
1446763140
835321206
179340815
748249176
1473846043
842202864
1378721518
1151649891
1444666065
576630419
743989398
1822335052
525751171
985822746
296574325
1045869199
1082592348
270851323
513282681
1884732596
1622109254
283925510
1587237492
133090074
1986280093
1314030252
610330782
604989680
1590481459
1566757277
1218381215
1389453264
446011286
1315242848
121735753
275340640
1634397287
950924733
1033121924
630646916
483086808
1726000118
1319928757
1084870067
711894898
1706600600
1425643994
1959918069
1910996163
702915776
223772784
165856458
34934591
1593660375
1888337318
766943387
39800690
1479841051
1667755606
1857905551
545598896
228245679
1810933447
2127737829
1362123784
1691658734
765206695
1520900070
433886365
411768266
1702979779
1053897620
1528452691
1604244183
577269542
1938783964
1685203237
468080319
174917431
466589333
1373510788
1026044022
643148554
1933180507
977385250
1703569646
95422679
432755884
1412618591
1820893694
182765469
1926922151
698623012
2030531719
1580602292
203424162
1434818566
234225776
1597084345
1381228482
480661812
173443010
581447485
449304401
149456240
1654943550
2140189195
1039495275
1200605741
1822302518
947516887
1525028681
1612000679
2026960227
835337343
1010430337
1651568585
1104694370
1974663177
206995947
957805736
720807730
1395269358
981022644
891091155
1487885695
629401680
2028795192
1178504166
1666002580
231882802
1275216352
1260979914
479433083
144311665
738681323
1380425643
847232908
1290961153
152782063
904493073
1223001375
1988574075
762257554
155354947
406967875
373823565
975369253
2051486798
1845518346
2123772060
290905947
8179313
1298662247
157435762
1302102920
1612623366
683239075
1794024693
2055746707
1743415754
1651698771
322346261
708224021
1324728534
1203046801
551694021
1871414
2023438001
1540871654
1825497855
679716528
199083496
345905826
343054927
1439341556
832110502
498783227
1211221627
1305248647
853982381
768385922
1760503486
1945124258
1894989472
592637190
1690315413
333372808
2067395950
946632251
2046146476
209715938
1914010737
357866288
895613700
2005465569
1152142021
191169806
1411258994
309320705
1928412318
322493775
811990546
1505957819
1389370537
1137954223
1463703874
1713350814
442143964
1242285184
1017590314
327326991
1187973186
1804444928
1845502100
1338622300
196314405
352344984
244858881
1777362795
1521013768
633187099
1359339427
1584271558
1356373619
1544917689
1444255929
1092652941
1325859240
1818288849
1389436003
818052730
449320049
331144573
622324694
228442969
1945763120
1225525191
818658823
1180895405
753492543
68963018
1246512278
1411930866
341973693
1931410937
1688119923
1999272388
1006613774
179242076
440980669
593554840
378476663
1561416680
684353077
440210751
730883219
1705880232
317251053
692381249
1406983386
1053487564
2097934849
841170222
826424911
1379671345
71551821
1023914504
41733491
1618014079
534106309
1428609590
509301064
987837938
747168669
1554568126
1592513020
1389305304
181945807
646850966
484742140
1376476434
464164019
756638211
13127636
2139091040
1470126209
1751623493
790749187
186909696
449025511
668330227
1169361556
1624764391
298426105
2020570974
157222509
766272159
1992784381
1600507941
968095481
1691888533
1321615755
861666325
1595232325
2135814169
60476623
132532415
1095994894
1845813593
1641639559
2136977408
724018296
1342594914
657090626
323165227
1344380752
2076062924
175850760
1849647434
220316249
970176170
329882832
1047130387
1581322559
2121085421
1470765099
1282687990
614230815
7639031
496783896
740484005
1502680598
983397658
1426676353
666576947
370710929
2097640077
1562137234
1553142557
65735807
644753910
200819808
1590759755
1429461673
1894465399
820363130
251756705
266076285
930199763
1072083009
248840575
1520686350
712926675
1539675242
647538984
1958919026
949958443
1286570777
617016189
1936866510
284909382
496620071
1848500717
239714698
697706066
2122903884
1816699777
826506889
1264059538
1545278416
1700211355
2045179442
993604847
1259603151
1262568605
238354921
1800021142
1058107596
287530691
380426572
975713737
2071065744
1734633607
73845637
234111506
693872316
1948416971
1623093074
995341475
1584320923
481661763
775233986
2145447963
1456642345
753492757
217219854
1108823531
1530762435
2136026960
1154307274
2085481540
770751993
362431892
1425294564
2067688234
561852772
1517570669
30937538
447630004
473910308
753433847
1733097324
418547920
1993074408
939550758
326239066
220192054
884008090
473451539
2016258048
485706972
425675118
742128649
38523505
1672213393
2089561271
461114183
1789901547
553545913
638072384
1886101536
1178965512
1791965826
1981064793
975301230
1382138416
663582677
755678545
237723252
140957700
2142253012
773783159
1209309284
770997637
126425084
641562186
741571658
2026858678
1519995618
1203476416
1275894898
1756526643
987818595
1736505104
289259948
1102762283
1175885445
632517927
1028287954
1295211950
89413108
1462765458
760741365
1890852893
1026338181
584430207
1776253301
1820523560
1025387954
503631540
1036955007
221715844
661911497
1303452939
889775539
1117868570
553087050
817455108
642299638
835674380
390809487
1746893019
1725838875
1432028562
87889396
644331178
2060134938
1972053338
1419822195
661976992
2086071438
1786755751
1908253031
207428742
1769241007
363398517
1771714887
1864187840
97195285
1265556362
1217747057
1726330371
553710054
1727395346
751991867
1694741992
1990911558
832823631
1697805790
1390576146
1610485517
62640974
1102729551
2120314518
1881317594
453020666
1828387840
1811348235
168008444
1555828157
1092472863
216309222
910927694
848569235
2081205508
1102680242
1195955779
1739880121
117741065
560820349
1295883305
866001544
555479053
768195806
719748081
1127322131
1993107439
2030037468
963684435
866706060
779304791
1238620406
1542572756
1000893057
2083433732
2105568427
863822423
1691334115
2018732385
1662267937
2088447299
792886905
628126796
1192023601
1696789601
618116500
1472579203
1624486299
130258573
270958953
303776586
1434092584
2022812100
1024896065
155179112
2044356739
440126305
1938793173
1661399645
1247222538
1943249586
1829862515
1999447631
1300880618
650688428
1050537979
589787722
483085734
1408533145
1756723652
135797103
1183586292
552202600
1148016111
1524730727
413583649
1880662416
766671930
1696134289
1772156972
1008397719
2145168979
1582550979
1648128940
295157766
691009725
1419560200
118494855
148887880
1847902131
138156450
405588403
187193995
441158639
488230065
1679635892
668792438
1329405591
1879974335
129914383
936633954
803257949
63378040
1505855489
716798842
1198053037
883598701
1666953878
840229850
858039019
1915675646
688748764
1876278790
1743910440
1230936199
748633412
905913378
750796067
1526811364
309199755
1209162231
483626293
1903501458
1299782814
1471661660
149559556
435832842
1338318388
1642606619
1444333538
1946232311
460278421
1004857887
1388675897
2022238581
1157567745
1017720489
559313751
2069916001
640005153
909714495
306200649
812278369
778452075
1276829204
1898816291
925508901
239885379
500305858
1151456944
441452621
1130615164
1200887223
241654852
47091941
1410926133
992454923
2086891091
989980979
1642623966
535465426
467454438
2112794579
199793111
1662857506
856121671
2012276147
2123476181
1368343498
2110287746
1543178673
350914213
1904665557
608368149
660813108
2111647621
1561251670
799718901
51482997
905848725
1882169923
441108537
1165203205
1007873642
1547374151
1885528604
988997772
671119999
666137909
1382121699
1127190956
463374616
732199203
266883
1979786385
548762149
747093524
340985536
665187633
1334648085
880338658
159882008
874653319
1886823123
216194629
1665774062
2067114397
1180423409
135256740
1394835852
450496618
1044786420
874981013
593293802
2084892415
487657425
1916772607
821322293
1125994972
1581468804
512576586
346211948
368379684
752680461
1951966859
216718905
920675381
1232444320
1183519838
391824783
454314444
1003841845
1091081193
676821683
1270487388
524635565
2013489897
1637462898
1707833127
620066331
1019932197
877422269
288490433
297337674
1924259911
1854733435
1134874973
785841199
241032359
192403849
130929870
365463244
1950852930
1787115906
2094215124
651769296
311624089
487509509
226647694
1240324832
236182813
19010092
1439237849
1475839206
1076122422
1214634867
1379844389
1286463411
1304649437
1535363228
451856846
1832451608
316588543
806658871
1551208287
1998611468
1770453684
1813692204
1243306285
1204360446
1315577170
1631498758
609777504
1963533872
79189892
162552461
1928077740
1909088906
708032885
415484815
2048764240
1689663483
523684985
2053630248
345327556
302301525
206348063
1052945815
1147066114
712620325
1530660961
1215453999
1043475821
160307950
1617310468
1485229024
498405075
1112101157
1355645856
330088641
296010442
1444267387
251223435
1968498209
1609632902
1882956620
159931120
1376780650
290456106
137796428
1645605224
2082058084
932209902
1256888725
349292368
1046310364
217505652
1903125227
741146539
1207358590
1728918661
1908417097
999303194
653063526
533449792
287195797
2076190795
1872395286
2000954571
575631835
1229183700
891020940
803224696
1056304495
1509739110
1827946344
361367063
1608305731
578761181
524930282
1527417006
228990464
1297489648
358139634
1543720883
21467893
220978847
1213406182
412617517
1395622041
934487050
474943477
645936442
2094673767
1585810746
1381925279
1380761998
75601733
2031807199
1958045555
1528187102
663860312
1473790994
2021305271
51105988
136764393
1668214975
1872034882
1780464073
1983899111
1124225247
1855634756
996747446
1960109879
811983745
1056468253
885188398
204824538
895919766
51744992
1784969618
1921655164
1558925084
1846476272
1710831111
1076253732
1259298573
747026563
964029808
1324849905
1257135849
1515916892
1879843846
632713661
27350442
174841447
1503448466
1351451778
766425505
1396262697
190095172
1202410427
918020774
1054386891
388645692
249256642
2142219190
1040427546
2026613968
837740016
929342330
2040573374
172334693
533433327
331007902
707722760
288965918
1042835969
28235137
1308777018
2009916406
1975378305
532089736
1056713406
597751778
1085543671
373817857
1671968740
256662272
494963149
1561725254
1293162821
953527430
1535512528
696761823
1254612634
262085570
1207210923
153754958
1060498258
1324685970
920199857
1088509066
1868135221
2002658099
178888391
1766620451
1092343145
523225948
1779318397
1666660130
109056757
89936171
290456871
112775872
225253653
283165849
1218600158
1080300568
1592609391
456609715
795180001
1157075057
268000127
33642120
1494666655
1563625913
1529630631
2130537074
1315674873
414043192
30774594
447827498
1104500086
1610271577
148167795
2041687326
1626518621
545027278
393233346
1382745823
1015736382
2049879706
1435648295
505416342
1678815398
1253957131
509823710
1702195656
1458176596
1512541848
720109098
1717187224
208214188
847832644
1299667385
1718284964
811525264
925787105
918708749
233888032
1271652125
889725407
1995743790
526814136
934945636
170630900
514230905
916759109
837674254
383107633
1754414199
1942546210
1640412460
1962647575
710246072
318129691
506415808
548090948
184458767
1578814187
350879768
2059021902
1684320400
1520291435
290358713
2068033466
1057827824
495126908
1894442005
1092736035
2042227898
1285233054
1661564428
906421007
1595558416
1655994296
892035110
1177670460
465047221
907649814
156605530
1596836414
295289994
717832157
248650693
1335106188
1457931260
676543817
1964613639
2028776946
237312827
895295554
1519570864
1254809576
1309612841
1560168913
1299421249
1940154007
1720824740
850126749
1238736111
142466374
1065642681
1399621202
1754037682
904356056
1336253159
845653795
1843116189
1931470423
922510261
1555417598
872423757
1183077322
1663055475
1148326186
1126045253
340328724
61494984
171745112
2075520735
2060742584
2112465031
760657977
1485164010
1620882931
910156623
1344341333
1356039588
2122918901
44636116
945073450
1930487440
574961607
466652754
1722905394
1488538943
1031645430
1190843249
367280232
891707563
39213017
1539083820
760494278
636596323
973582228
1882613155
967175226
553710752
1127241362
569930842
426233029
1367360547
2076323425
1963417762
138206617
1832007829
2024533251
735723122
415468904
532548115
43849517
1684287953
1386743582
2042063883
1113823198
671317437
1226071210
1840920702
1497255163
2134010615
409259425
615969137
791329506
1072572962
1987961778
1626109246
263707236
154393835
1840412782
989441830
763377759
2105763946
1492421918
935977506
860055215
1628747002
95998038
971828227
722681571
1604995674
279627097
133943823
1941530188
1874819657
728940172
816064161
33298426
360645497
1002761667
1628550937
1235050391
2071424378
1547176501
2097654551
822454036
1785265276
1257594080
1512606783
567326707
1114592331
1839807372
1598572911
1226448690
457051414
938336704
733265285
754383556
1416512089
1801928031
1771159466
1069312504
1832352627
294209487
679919310
101568580
775714934
1607551387
93344733
338772606
2009751960
1892214427
348783260
713047255
365052826
750107373
1583958064
1048619225
1523944585
612643546
952643240
2030055266
1981882434
1834613564
1482886662
1119949991
588805502
1892902581
609169960
1407010234
188423516
2035560252
920461493
242653215
583611552
549140183
66803095
841606212
1607092666
1353483992
606483027
1172329365
513427692
1728721276
21043007
1937548547
1297947613
520669577
1058072978
1493536646
1806253354
1920476415
1212817088
409112302
1294130094
1751138029
452103295
260724997
265836874
1268358413
1657451602
358384582
2072259871
1231200252
300304199
918921316
870933835
344506922
1089934931
546616881
125719003
1345734291
120426884
1983832215
1399113166
670642514
1732735464
301664075
507807990
1806761222
970911593
155017093
967700247
423874559
1891591804
587249097
1138545942
53351906
1668560312
1029008280
1522797577
248027143
190651791
1845508306
488721395
1224761302
995913094
256661911
1780399301
159571801
208312968
1535184231
1009855190
2146511134
337249000
540522181
494193543
881730169
1696035823
1536724320
803289368
1987436687
1279761084
643674278
927359418
118264306
1033693855
571438346
1033104021
1256676832
484494311
105386305
1422656454
1796488216
1926194627
1358252025
817440693
1158140424
793409628
1114494330
23549552
323028057
1705947829
1326749744
606696207
49124804
1828125661
164159204
1501400659
921346523
1419396012
2141071527
548894606
486394822
1209474859
429788833
459803688
1972724436
524994575
1490816916
1599719440
2090904553
2053352745
1326422084
149348267
1450279230
2087856930
2023354313
531351803
426937890
186031172
550991746
1232920106
1097455153
1859926406
803567800
293783260
786921863
947974112
1621997517
287934024
1720021479
1384744427
646951403
1527352431
736574607
686358400
1687303161
1996480915
1805516019
1674163366
607597383
1353500633
770161297
1940055253
1044244807
177675757
1909630637
1741271112
1232756475
1608648806
251615609
1600588000
576779755
1572211258
32806521
934961204
406720430
2050829740
1676260478
564311609
1526418779
1667822793
2067360920
1357039424
940388261
655995059
310166992
713080110
1623930724
295126566
928637160
1684976603
217307979
1154618222
1933649149
1175884203
238410123
277563188
1016015664
1208410048
2003624102
70194148
596292678
1556482827
1745960924
1334286408
601256967
1256021257
696516182
988753204
2028138297
1612134347
2055335262
1821260652
1508052487
2051993000
1454162244
673742785
1515736499
655667451
596259962
719191340
1434501745
188734668
1295932106
1446543820
2099178216
1850554806
1400423555
1849883070
1193136352
34199031
205001785
1650440797
9738390
1140513790
194155415
130899915
1003250634
1920985717
477709431
414220449
975872569
985408165
48143042
964338014
1751363652
1687076009
356633961
1635957163
1593427667
1516569166
1116101290
2090214586
1749643366
2071323482
1728380726
596245436
110550689
1434438982
816244895
1295537411
920809177
1267110841
78666994
1677851717
1562346843
1953377320
347426045
355339623
1592706725
1980411457
1758097541
246077178
2142758886
510428733
1479262329
333794224
2056397508
254941029
957833551
1478475845
1659976363
809674777
1374095803
527877931
297699809
540162131
561838365
528271128
376442392
1954852078
227005933
1625602184
1991765722
1787196136
36133456
1918347823
1344374873
508757546
354733406
1769304334
1216418046
585038431
1659501165
2008330033
1957162018
979526372
1727266427
1551238399
628096511
1002414890
1019864159
2137335794
1186258478
1775907141
1349830870
1901767160
968515865
716567057
301386064
2078106485
1238192487
2125948443
1126226830
1489305707
1614936303
307743481
1852356318
461063107
1215107284
1900866038
158159318
813213892
927264642
190485394
726397825
1978707259
441320064
826780040
2032378354
1653078612
223909259
135024856
560822715
1007363283
1291392035
1210290424
931639130
1827435570
619969580
1197809537
1852946070
982655608
1869330309
590281694
1467600777
1383615112
3791051
1912514826
1818834077
1993633324
285346296
882257000
1175183092
1436028057
558610511
536430332
1256018904
1725890519
888335867
1630681144
371969824
2050728752
2130961935
1088952804
2031771658
637025517
942186814
1184571267
2003676788
558315611
1300255904
1911023814
274925889
1306006780
928591485
2128406520
189321828
830285907
1200529086
23861340
903376105
785954794
1239126248
414794114
352767035
1088936408
740832535
1300436162
860973584
1891985805
206165249
117252021
210195919
2060149638
822388809
101900098
1670052571
353520704
370921294
627948603
1899866212
1234931905
689827905
1095178264
1230278711
1845195922
1515733813
1612396917
341118245
161206505
128048851
690843735
1911056532
1919331096
306498363
949936412
636550261
1081760240
250926949
433651784
1878111845
1936845540
1507409989
1497956564
1692384637
131325553
784480097
319441577
306383840
442680262
1254658924
16488797
106471423
1169939472
1152032007
41786323
548174109
195842589
1800336122
265393764
1767993561
412860705
1089050962
832579613
1991143187
991781599
763344061
1793520421
546289990
1592149805
829679806
813246902
312019798
1240272956
820980029
1909827590
1100175431
1916234733
828795069
1364560009
848964422
417055034
616021332
781940600
712209305
1899751632
1086052688
2006298232
92101779
123002533
385863437
534791701
679686523
1904765044
1667922581
1250611342
530662821
590510392
1267913113
177852565
1315083374
396529069
1426132750
1110415418
264377812
389123369
376474731
1415482949
534971903
1522532575
1147494010
1835972427
1629797132
1357204175
939224529
1180671092
1838987186
1507263481
265983465
1107761204
454525219
994320753
1486619305
1198431577
1664022807
826092292
1256558810
1910172571
440729606
1329632518
414614256
212096739
232200093
220665709
245961957
2080022967
1899637610
1202331135
467141005
1553925824
1329845538
697693170
1179835450
1412353607
1881975366
1773843415
910699557
1040148368
239244333
517080226
2092230340
891760471
1778610289
1273155989
108256267
713863412
1871508976
1272598950
1389906085
1363659578
726217014
689173356
1744584060
1136236857
141087468
586659953
284510834
1898064805
314263601
1614985928
2069586389
1781739709
324225500
627949565
317556861
1599079872
1152261690
354340747
73457398
453083543
1553073668
743339737
158536680
709226712
1732001176
1464356335
29956961
934882573
1540522344
2123211824
1215451826
1126734313
1730788842
325929390
1266766151
511263934
1657059340
1775268633
1329550836
65411373
1955196485
1370721122
1731788269
1876849929
538868422
143135312
1184324682
1983556836
1155440128
1864742341
1665284514
1614281431
926395861
518882312
276466332
1384712302
568523531
1438125910
565803862
238228672
1035413314
672625377
736899355
1605027152
1248940173
1063183778
446595171
140268378
1197890657
1022584820
686191599
2077663429
250123760
1208079128
2021499748
1398048840
1341691111
1122277883
1910745795
2098570805
108518743
2012130510
62527642
1071801542
491292256
1583285617
716566938
876638065
1323554258
1598162032
1596605470
354799135
1208521523
941089578
1704918689
45570548
264901774
233363104
1308693835
1537491176
1101273835
1264488458
1371654805
1989012955
345214920
836479616
1694105511
1232146962
2112333443
1628306025
1771270907
965026543
2138629139
67510123
1344179055
1140185217
68050811
1759048623
106290466
462209268
482772801
189059276
1380436430
568195671
221828787
1875457093
1580254654
1985146332
288737952
864217115
938601579
1625357182
263132209
438681989
1795092831
1180900801
1226805945
862709954
108027354
126082089
87694986
437977514
1223316312
330827776
1536540713
1414778863
1320113425
443171243
237327841
1987440049
1291556671
559282832
241980842
834136689
1861367098
1075665877
1635433139
1639004792
1994452270
1916643827
1629764342
679293859
2070077568
158143113
1052222801
1495827150
392449155
1110497756
1193090288
1552222068
1315116434
1841673780
1066230911
1252823384
1735752835
1430490810
1688092513
1104484906
1227412779
691713337
761459044
540490801
1744632821
1212945479
1518732937
808725542
433505733
1359465747
982083228
1585611412
1992829663
540523567
200579055
262181819
1188535029
569179599
11263118
1315361344
2139120553
1784575602
948167854
2142987147
542145635
816163984
639334947
1574076906
285887798
443713100
1181276712
1803482941
1157159101
348702861
58613559
37035640
669825954
1809414038
675230831
1545207880
38592024
1975822737
528057135
1282723874
222105962
1591198349
898984399
1036853654
1628421459
687355046
669825971
1736129316
1421019347
1803646945
486523036
1746269305
728512284
823504231
347670731
570588791
1828597899
1727576705
262460382
302599795
705984105
579862257
454969246
991717277
549796931
1415383254
1830351253
1939107611
378505754
1930063775
47554126
1896426903
634747210
1797896077
434226503
441403111
135091365
838135129
465766253
159470898
1263409146
15129680
1097997770
1268766556
2084954240
838298928
1475726141
370264793
980215461
1197644715
1808905987
29023593
863580066
1295274452
411059296
1727740444
1098833305
796537744
2072733537
682079308
55500707
218616297
989521417
735442732
1312478010
31202524
1316967294
1969907817
1323733985
2113724661
884091326
1869460064
301321467
382864321
622508044
87496736
1168283834
1111252765
1962600921
57531982
1833955435
1186913179
1067786893
14867912
1553351100
754512340
1382551366
64610026
1986997081
273452407
74783048
1172986068
954050019
1152817545
164926699
593837605
2117903231
528056893
950248934
891021399
396839659
2000120440
445925316
334220986
1795700314
306597652
63676062
924101187
1330860548
810069266
437847875
78649836
2016126326
1936141882
803041923
986048411
678262031
1091378282
356665387
70981969
497778880
1890921944
1887940087
169613164
1601585669
1853567757
1408224920
1319326680
1030070296
1470941906
154457162
223105075
1871213066
1388367684
2018108879
983836451
227643417
1163876563
1702852850
1479427488
331402832
392383227
1467812576
278940991
364185642
1751512518
247419676
522912396
799584770
1145543148
277744957
1237750898
186390185
345901353
1107139653
931572286
199448155
2000480901
1845080131
1842212977
1902882006
1362349197
1878340171
2105663552
355338474
9411914
972629052
2040718441
172808064
1970661541
672724425
1395134202
766537828
85006533
2074961528
1280643459
1166874706
107191228
1873326711
1826091318
585088830
851259226
2076616234
286248161
1637940303
1210897859
96491567
445056887
532546127
1042064362
1307824132
373427130
662747768
2072045179
220516570
1409780230
1184536728
1417726596
869461463
1978870772
1348046416
475415133
308841572
655587613
2071897456
76536479
1750562374
1678621211
1069670876
732968365
742421085
1353158279
547831429
1306498043
72456821
1223235276
1024369448
1633910603
775532563
79846120
1027105554
544521816
782872709
787493086
1667415372
1962945327
2003151178
1396509965
1022894795
763868082
1974430618
400722395
451675349
472384018
1942072826
596131251
1929964852
1175115830
669956563
1339609573
1991960711
2004888000
443401260
2132713820
229741554
1610677827
1109482598
674035300
616151796
221254526
1590722688
810544669
1243157571
85859139
691599207
1207769503
746385950
1164286721
1821537014
37362782
782594242
472728138
735507889
1744517521
1490060988
284774039
327618025
1282789892
2083168856
1340232087
543178263
1343164045
172741833
539983530
1121459294
1866658245
117594515
822194067
2137874937
955311716
288346043
1086037550
1996040300
791278015
652687483
1052106793
1614446247
499352419
195679501
1567114189
658487701
902654822
1404718358
1468352811
1739782409
2110546802
886073967
545750598
271060714
2075305329
1141217985
1087233545
1378847975
527827391
1606926605
613087809
700561167
484672045
973825246
1746646734
838004516
1632550809
810888843
1635876707
798634367
374491316
812887701
1731951059
943138524
370297085
809070280
1009722073
892005335
781168753
426182246
243192191
1716648275
1481328457
396495014
298995414
70507318
1042309415
1674820820
1126112277
1963043339
394774667
2068030547
150755310
1372491484
595328111
252710919
1740519593
1831924270
1395657774
1031709281
155817579
1291703256
919366112
1859531236
416073721
837627605
121411584
739947302
734262525
290426377
159405767
945973033
1576534710
478020398
721384879
852667779
1651408189
1542063292
1639792350
1480165213
1056563614
1130798094
658208850
1665137748
328879345
1818997511
2081760120
74586911
1789949406
1838297825
2048501100
792932405
226316804
601783461
1375325829
2110808750
38608332
246157614
1664253111
979445220
1045488087
169366928
1378209196
540213177
1861087584
351603556
728593657
208294911
566722143
1648049569
411944727
708392358
818818926
1174215260
1739864085
694875849
499860072
1680145283
1034347022
1696643721
1291572050
1969842883
1750284280
1919970779
1565999868
923756707
1001694233
607075201
1384680764
540884875
854781252
840379808
1067606046
326995139
1543193668
1227855598
1630748400
949217110
1156750135
852815122
1151998816
501039638
168941018
413140844
1062035587
563854932
1868165257
2118508949
1910779447
1869279420
819146501
92346972
2082726851
538034163
1719810401
2054268309
1642561026
1834005175
109468014
544522136
1488635727
1737537637
1906765392
1912253965
464847945
2081842155
2047351304
697944479
42017415
315601608
2092948663
966203806
499203532
911365724
2080365552
107865725
981178987
1643135457
1501837718
883365045
694749562
2018891846
2049890873
1977439685
1834339660
66462700
2028722423
2092227728
882234557
627737946
1538685831
685295850
510344792
220523793
2014730275
295711125
1327755033
766414229
613156023
783322764
132573102
127854551
153151849
980130343
1128489743
1112351234
1891160297
546603206
1561951562
1917129234
1842695565
597033931
292188426
1627668838
973478501
1961219203
1628897661
1374417287
1537784772
728910622
369161847
735955877
1830260078
236695141
1361195357
844190417
1613283496
147613768
1638056231
2003867638
1097933302
1161635252
1121952341
1104290137
1454945837
252374943
1219962913
1153279019
1924485679
2001328083
617579602
2079857509
872584348
1631977944
1610629280
1503787264
1898205574
1756104718
1893224575
898159904
1565081061
1579974273
1519417918
2065898386
379549230
348435575
219344295
1446311554
187591577
1142383790
585843287
1378497259
1164617129
1074995413
875582711
140798124
64676627
150661168
1377825492
1864077268
1752549562
1696204245
753716281
176597598
702925117
630441291
756239823
1124115420
1411839227
935941910
1482340537
1386066554
1795656681
1681147072
416331814
1425208330
1941017421
1159374308
62104396
360412287
1641611484
1221437896
1499854944
1802209888
757435438
567853269
885020111
1213933897
946837885
602620664
1728841241
1482766708
1736328808
136522036
1285369217
725535266
2136317512
1346793816
1668629098
2062228425
907941691
1062690418
689489968
1115825066
1526660051
1921913786
2034931839
755567665
176352184
2127437813
1950537081
1886638386
1826295198
1849741062
1479162211
588726877
1136206581
742018423
1202284280
57221691
206302494
1158390867
679774685
1837714640
1365749821
20799591
346420734
763530457
1634172988
1027759134
518455225
405879150
2103172155
456489553
1383985944
1352331775
1833749540
240906032
1949537631
661866013
567214271
431716552
771821428
765742291
1171760303
74917135
1814580563
1362538571
1335291625
1238984870
1318465301
1356198227
1014259197
873026947
1922306847
956979334
485948793
1068965411
577881062
1128522452
865636864
1459205986
21897424
491683025
1548631535
1672577555
831623218
2079431253
565755934
48145272
1745406369
387217080
299954256
438188975
332575329
437074872
152217765
1955829028
2027837801
1079927271
38298610
1576844359
967530519
1937625788
1969820842
823136468
1519893330
935433732
818155788
883561825
1923765112
694077574
307409802
1891766558
572457922
1308651488
1540799028
1777059843
139897278
1229154475
2128011070
1124508392
493190282
1427797227
1218701649
1320415046
1107452916
1662288619
562250625
2019695207
1634698089
682937010
723503380
1928679672
56369491
1447294035
188934486
624002855
1155901171
1238772687
885937879
1662157070
1983337514
69723706
1683850879
1731626269
1787119790
952490728
900437894
32482241
278114978
836228069
1549172328
1667727705
497663977
373224574
336344654
795381038
1753795278
619923130
206056984
1794050239
222686998
1679541832
1751173684
1345876577
1364194066
648971469
379254014
1592687755
1450783772
2062096527
1361277770
1451472106
1888080610
1103307695
357938981
112944330
1547583052
530251241
517897380
1081401871
543015456
973625481
347141686
1199564278
245165077
21341130
1049041943
1491729019
646906907
3580576
885544542
149875320
1713996977
2116951220
1148479191
1840844570
820580941
1476343130
60367164
1825754741
1590197344
1473869171
1763527606
1069128980
430963482
566625139
1156392538
1536588076
1383903424
1657044996
989075509
1083155021
1458877495
663242060
998332743
973265096
302887105
1286467168
225488829
209235638
786222088
222097385
279065210
1570930555
705710282
768446231
377517151
1672921449
749112902
520764910
1914654969
1976358692
2030509037
968432466
1466398090
1534900621
501399318
754634253
1981043948
1470199134
344766067
1005033701
1646608673
244182410
291926639
2064373761
299348697
1667907684
23995006
1601420385
1426437654
1160668733
626722383
1955075996
779881833
1087398857
1895044078
1129881668
587235364
831886000
513572282
308015484
1173579483
1855294908
1936904257
1501444678
1381364076
1703478962
922424773
2080513864
900454112
68282204
1200415967
1239214730
1930547271
122496021
387707971
2131188827
212267003
1141434217
783240652
1199137823
34316642
542147387
1084269523
1441691291
783470020
1007771497
926159944
896996874
1023156098
2137021666
1202742324
1394061456
354236053
1852607972
1791379786
456308927
1902940899
317174135
533347419
990271637
2016992173
577061373
1445655984
244051216
2005963788
1110008245
10462015
971627084
187213966
795643083
25371176
236203448
1349743553
1402482731
939908022
1820790577
111338773
533036157
25338427
546915109
1579056546
1434564157
1628013236
1057610934
58728516
1436005971
1792231705
1355526917
1549500299
1301032540
1839861371
446527823
633521684
276591525
546685769
787287344
920737087
1781156299
995170482
1989318007
1565884083
592560315
101066218
626394810
73344944
945101732
94611031
166652443
464025680
2038700669
1318268265
104048079
356955835
1840974265
776276551
978148937
1678688267
1257959164
1530609468
1333816202
388412205
1478704175
26994071
1816938562
951246012
1015650438
387494664
2105383276
852334303
1096623439
984489661
1384134293
729419628
2059345576
1012373583
7677036
517880513
1931908870
720867030
26224059
1733903221
93495741
745703517
1486388407
1091855652
2013008844
2088327243
124674906
1923028649
1026529557
511539776
1685897281
689949986
1799982858
567313813
579241677
733188095
84123986
1108960840
2125683425
1971196202
148548751
1742619529
1079403532
564823543
1114613263
53077833
1470788555
1138272187
1534983961
2021235740
1383151127
1888113890
443399686
2085099576
764447202
2017745969
787483270
1446064718
444497662
574129848
914444805
1998279583
543343847
482474057
303363741
395817757
1810206574
42903043
511851027
2090833930
1647412903
688442769
1351971855
1145512156
300692855
632832292
830706972
1231023615
801131361
1187078752
1269182215
2047745704
603948879
40806111
615399455
1600994271
1910363502
455278485
524172166
555795867
1508539733
952835083
1530658810
526875556
1690484740
1589901834
403602628
1278339322
1068784504
2062999096
112304766
1278585057
1904416089
273511575
818041886
1901794695
1088480317
1210772724
3220689
859510746
607764701
214312995
751110190
2132433909
457326524
125313927
1486077330
177844127
850565045
638747419
439287591
1158586371
1707950301
1618593130
892440610
1972654215
1556281809
1225059347
2139167388
1296394331
1180328773
1663862285
2130418648
542442866
1472787170
1467757143
90841153
1508687047
1099523257
529054393
1487273366
1039669452
725061122
1554020762
1520992146
1913100089
1338321540
558810125
739051847
504134470
560727074
117318577
271218021
239119119
364982416
496007362
663864002
2097584222
1213787393
394490586
1096262668
700796068
396145406
1803996901
360640538
470563177
1167630590
127050485
641008478
594282013
498415815
363311316
1893406127
1513537358
769607845
1450406664
515800002
713625588
122675761
524712504
2105825286
1955139853
1865239207
2081659292
1076307383
1316957163
846977007
1860275060
390312660
916820797
331413084
357658865
493566153
1652525019
519732060
1838843964
1021122938
436649903
691653779
767723631
1518059476
736284243
694914265
164670562
218622132
653034328
862230227
1382660051
1959317876
817108234
601409126
1308912571
28419086
96182276
406961538
1685733823
1424306467
1239297047
611615167
228354128
2138299071
1549728144
1008015835
1238346779
944381342
1752649135
606372347
1612760512
203663808
1046027199
1980699625
1577303016
1076880835
435633176
1239493653
1702248578
209136002
586139418
4515263
1931957979
145616208
115204899
1380054975
1997476592
1192534293
1419555486
1300392836
2127435974
98116560
100623349
1239986168
2101074730
1798802723
2070863227
1079207498
1058150671
612614813
523319572
558090086
164409316
1917637730
487504672
1091741474
143765153
1723482251
932336033
874844694
1162617722
1254829299
492534626
1945474505
1315579991
1203446150
850334959
1216081466
1079862814
1510685768
1385166025
1615595009
379580626
528431410
1998606703
865899983
1777684387
1354217185
794577163
1401402847
1718927405
1059510652
663273938
1853720609
352203426
563496905
578765856
1790282961
230124498
1218965184
921948308
1041455227
1229287213
1812417131
207809038
1321707689
1662240099
259582219
1563851587
1105258391
385691778
1873758511
690474916
781600796
876499632
1981124741
1850001621
192425449
1718780134
1593997718
89908172
730926345
45294633
390509018
1990234173
1762283433
158068686
1416229580
250996818
743541501
1681293978
854742111
1575648090
234875726
464256281
178269204
238102660
413679124
1839549209
1947374252
781223982
1256582180
1498693525
649117809
1338222853
1888147021
1084171858
425934765
622117830
107421876
1332783524
419758044
1762381779
5629580
1928451117
2141165889
1972474737
495188835
1785072768
986127404
1342453480
54601132
562038641
1308731632
1259138559
463289710
362509155
1476243717
1520352359
2077285674
1313007807
1656112200
922390533
2066127910
518486501
1442444027
1367422595
451149281
1277995818
1197777005
951787447
1281469293
1063491699
1414853445
1064687712
1739309244
1277815614
822613535
2091572157
946036596
407109466
1704706690
1989087637
1839663804
1771343541
281475045
1005378761
1986826569
305313045
1246506340
75735976
2097863206
635552463
429620904
741378821
1938363569
1215704911
810080116
2012614856
816584594
1209134894
1944605864
1204658314
1066047693
759499279
1656047097
1607415967
1770426066
1515683075
1310878069
1467248687
1278749539
1928730029
215641019
1787448809
712461588
752339903
838096541
673402698
1239035568
199339146
989322650
999906551
742230860
1114301727
357282355
324121640
1558870931
1145709360
244885987
1116268021
1540471980
1110369616
917754317
745196521
698764835
821172084
1104111175
690278063
923898012
99639933
1911477884
1316923885
1774407254
1159488137
1166041623
349549389
170880436
884888354
132718666
1595963524
897471195
1810943063
1406104679
266332278
153939612
1479901063
2089556799
1755254571
1235725843
81372015
252487867
1915966852
978181621
541673461
1766641393
1239477854
1414312844
1643497013
475282323
1924601215
2043387393
595346608
1295756023
1495187145
549668635
755927767
49751341
1822575481
562234975
62563430
495909457
1521368433
146403161
1113122235
1481424805
1812007915
885396268
1493073678
211282785
204647365
1531821237
1513389512
1802800265
449543477
2121554314
131113007
1853392507
930881402
2058326695
97578460
1032082825
357088583
1104816584
1884362818
1736281949
1237688807
1331832641
609651829
683770085
893738336
639127102
1290134732
414658716
212247691
468464605
1479389212
255518473
643518063
956272843
539772953
1095199088
897605049
876944511
1971428794
1599715175
1077962878
1240424875
393363258
1980800603
1211031650
605195356
631950820
119975784
677134355
258877247
1250386655
2090702021
894049553
579291879
765085179
1136487391
2060554930
924360573
1678888057
1419656427
1487909078
659214131
104001102
1998528355
20490566
1520202268
456307632
2125338156
1794605693
1755775019
1283302639
118550405
1743540084
272070828
1923766839
1959517269
796952350
1975868775
814716971
1458798165
619859028
115732035
753894473
461812524
2016825501
1646660234
1110190720
1577940640
1490956403
943509645
129773327
1613023390
554256820
1284940840
47966820
331332352
195552024
1125592023
1082599495
1738248025
199582497
1579235048
1508061480
874503379
1842365727
181625345
1045681792
2057671281
383434252
197075814
787973678
1357133887
1955355730
1187212829
537905384
2032259526
147382305
700530984
1936923546
1223680030
377552498
213607497
782206573
1266770804
749110355
1423080484
303119078
651349541
1662733282
810080437
208725134
1915296470
454587367
7891079
824481830
751306187
1604089498
1378089764
1267262080
674054436
893918274
1782973257
209249640
173679432
2059604945
1974459576
176219032
1762967604
1762574374
448033694
610717002
778323796
1442643148
1203220101
1584756551
660033124
1796817446
1751286050
2070123042
1797735021
1908300019
252978758
1634715705
1727860644
1013716272
1010963744
1730891337
1096509503
896211982
314162129
1634879513
1785070346
1563358273
518715269
1582626596
1164733464
912449303
2131695224
2091242975
1027707962
1213129011
1090742398
102084456
1808646834
368180366
1008555419
792364722
870062676
1551562227
1064883954
418705784
509147094
363543610
152707214
1065064175
1678937477
1073272419
1167453198
625298649
911531977
1514632153
715080448
285538469
1572221972
382320492
1615874550
2002263792
1545500087
1907529752
2126436115
2031620278
769131638
1810956869
779552705
2046185536
1972624427
641535877
2084771200
1832469757
100412469
1552643394
491009166
925966075
497267816
175563706
879320484
1975475313
1181101992
1181708193
796772018
935026283
1161276645
1783202714
1768456380
1138502152
731480641
17393873
1905465423
195371642
1236279376
1676397067
1422933299
1065571943
613485941
513947463
1737657973
859429584
1393998588
311081824
46246698
854792990
1454718788
930586245
2069811884
450114338
2075742799
1340581406
1956699483
1561801961
689455898
87191345
890199816
1043190818
491829056
1240081402
1817200193
1806401977
1453161614
53242168
935681491
773145602
1157885716
1560409881
1983421475
2051149913
136159745
1666550090
2027524859
1439563758
1158901557
449360099
1279600245
1266885040
404189732
1225401149
1039407053
2033341193
708460548
1518579906
206120459
1565947669
588007752
978128906
787563705
1735626044
1272979888
387267908
1136732562
1228186465
957158234
681116366
1009948267
1549022734
1347336722
940692045
1736920538
1613204090
848746697
2033881950
1661798761
354303867
922819944
2124436684
929602822
754894481
242213919
1571993539
1928272024
1687686880
437219447
675513027
957862804
444412148
1991679033
1010505396
2010357059
659017174
13904454
1443167376
796984596
359104498
1299982308
954372730
1347107539
2016727725
139174608
1085450793
643534022
1781612688
1148350163
896163780
1503802125
1862911417
872307022
2108266264
1332340187
1567733702
1034589974
773571807
1920080055
717733889
1355250190
1232266171
1768063922
1334994251
765167430
1678266092
917019725
1348287156
665603397
1661520353
530298224
88469417
1906678601
1276307170
2059817015
1540370722
1396980150
994595261
1627195914
515535936
767395655
1258922482
790644188
1087138353
1015240579
1551021938
1129031755
106360150
709116230
1366358646
846895484
90599009
1614334768
1424130027
1603581087
1669367947
136717098
2057703851
1980980509
1514811736
1953374074
1319724465
2097796626
251356646
1033180853
1655343499
767624938
1841301227
332380385
697680547
908401938
1956683672
1574205160
467841246
325859374
1460288591
1710427830
677249813
988221879
1912330921
2115032388
1730432115
1361066616
1915984234
1594373207
1294280258
562629346
1004032181
378338787
992120915
922557836
1732807732
246441421
1472412862
701022792
1576924796
123956455
356417208
872734594
1601041643
1377417630
1721650457
967397934
728219887
1792557394
754124664
1812498311
1731890351
1678806917
1977212495
898375194
371686833
513258767
565971492
388889783
376208881
1737477136
470529940
1454898472
1395980436
1580168591
511604186
1732185241
1163816696
607227801
1654196528
886382460
300300876
262235148
1163669234
800490500
11545353
1046484442
1245471111
386579633
508671469
426259116
226813506
594938047
434221608
1293117146
1916525041
420180673
538069983
141403071
97562117
614272839
282082058
1453030725
988729612
1010997159
888299291
1342716899
2133742784
1610413075
1190178079
1050334568
2027836204
1481110452
145515352
415134536
1231938202
1049843051
2004441977
1350499455
1166780814
483504340
1165437311
2016171042
780747398
1815232544
506589731
1837597076
329154443
1083190405
1325228778
552979693
340670549
1670713227
2000935773
144221370
1722927762
12217490
1255220963
604424242
396999580
1907924366
1570632103
814881960
1206938570
755597640
1600615205
1152182511
1195240314
1416181793
300514722
399915910
36286066
1182788131
653478572
1498084629
2145162172
2117227091
64794557
179300044
1046499847
776733220
391559997
1043714649
100641169
183412352
129903568
1458813596
2032686428
1259890541
1513190985
340408369
438236773
1250141950
1948670040
1587606238
1019007171
592744235
1659031136
2071615480
1089760380
1782384308
1707428175
1959893083
1505555766
2074973991
886872151
314719830
794313677
1111600854
914070252
1206283130
2080184160
1316250345
1476164450
1982700172
1502459180
825974175
1063850947
1530935282
2047383228
951800846
1904434484
759874035
2058786319
427734469
244802091
1631456766
1983978112
1432041882
2020037797
931224386
859807736
436614863
602853156
1482765485
1887919179
1012502676
714524251
675284109
1598698373
518763067
1547268328
856661979
1398701962
250044979
45510240
881907785
1660997595
613664840
335591644
1650577024
1324048905
240329392
627247495
1591882247
568429830
155641262
593268660
1817952434
1304125778
159982946
1952618639
701121828
1910119721
1194879948
1590899237
1839284569
105458352
136045793
950031451
1669713784
1864795096
265511632
1513191220
2120897376
516060111
505525039
332676805
1426421779
1355169233
406025515
1791625171
324222537
376322932
1281810810
971838706
415397341
981489571
1480930656
1639287967
1625050614
1137159916
785761273
1320248221
1058181693
369703736
1962400197
131771118
1793853401
502706368
1376665393
1746404699
629819598
877746453
1003247243
2131448385
446904302
1875133067
1774486678
722830915
984373243
179857376
1824850333
68249928
2121536301
1415510275
173270834
588582525
56258096
1467169305
627214350
771326100
855957109
1839595731
828218405
828349478
1519318791
815160602
1315005420
992761507
900257850
1146120644
763330794
1066570244
195307059
290389205
1056887653
1563390090
269680059
1795065687
1230513394
948639009
1210934659
297303062
587190095
1064391367
1568403648
1809270379
1080356313
1683245545
1593881278
2069403366
150824258
147318022
1945902654
397539960
335019581
1696401605
904435767
1136422499
1207659035
986158885
339491289
705169378
1905499262
951080286
89630886
1800079034
1973327980
1518810996
1206446619
1642630161
1268819546
896768141
1341252111
1189128990
2074728022
125167988
95267754
1043140644
630836112
1901797205
485225188
1492350691
904322042
123005256
1836794724
1624362736
464729490
1187555562
1775208429
433289207
587369764
1145842282
1664912667
892181252
900946842
810491493
210657957
2004818256
955455169
1643040726
285261627
958207782
340015736
402454976
1566667612
1727629510
1027199865
255402362
1761724229
76131020
1346420230
122235150
1097101102
1619447501
1435433923
946558501
1881071181
514748666
1996200108
1619480287
1018974949
1604039108
2124107972
2070369543
1889689284
1138552251
1350123025
100788328
1377762421
941954638
1301750780
291405619
616254153
500036537
1558229654
1700285231
2129416342
1461008788
36498605
783499313
666978631
1292592013
1681853111
897719052
2034833350
47197253
755008406
1493153382
526266820
695781349
1652051160
1532786173
930748891
1778402466
885660265
688834477
1544647349
1442577244
1822032445
618613368
558796774
577195215
552816217
93236005
2145866058
2014647973
356383631
1351089715
1427880878
1764132752
1509832521
678987456
625757172
28962560
941381341
501773100
1530017271
1040322762
614877807
532066685
1349320355
11857509
1815642857
329776501
1279664788
1621479025
360414125
1192569283
1183639639
2011126019
569429776
515207253
531870035
2062537743
549981742
1231972225
888379907
1118088277
1801127330
411825777
1091710953
391313490
1770309253
728417391
533000387
738018549
1618857844
1175234816
683657135
563924622
46919134
1379122469
2143310041
2130186722
162670252
935647461
868211870
997545047
458191980
1557705713
831971005
634489597
662423626
1167174307
858414110
332807395
773357869
1182509390
421967376
671483696
1429961229
585520
2079036626
626199151
298450572
910858508
1401322702
1612631893
12218359
337181526
1510847839
1095003678
3796835
1707264670
941594435
2066535538
156722741
449508782
2115752307
1294295628
1344601935
137684824
1917574436
1772144339
1593962612
648972759
1144318793
516272571
1902206495
2027509670
71199553
2144702551
180135230
1993382227
335707018
1377844651
1316643318
586567035
531820604
1307402851
316521810
665438266
360168163
1327669431
1968396998
625969881
1444329870
2000328867
1039438446
1194682539
1740802147
277331745
207823812
384399681
2013321131
1777354332
421263028
955651911
918509838
478884665
467580011
1880809378
1386757394
1774667389
1055314264
957519533
1106472524
341113751
1589571962
1985026457
1771914839
854007083
650922240
138127350
1818182546
1516271022
834346612
32779815
338705379
557895315
1955240793
992384242
2081543111
2047153618
1983355360
135522244
1156885295
446166344
808525781
2104414859
1863139562
526971008
2083787741
1687079783
28651100
270958541
973460974
1166371432
985388374
1754826614
721945849
1836384900
1726400789
1897406190
1030541978
303365614
1327456482
618009811
255229747
427370879
437627420
21606726
1472735192
313287357
324543307
1469360012
2137837429
490695974
2006566786
1751373944
184302304
1579150850
544657493
505097784
867058571
1980794423
2146947024
2021623894
999721917
33763880
1665586027
1169470863
233192920
1774590343
1666224915
616699014
535818153
782802656
1314848279
829456700
1604333550
262291437
1661211474
1928561316
629134629
29569439
1388012263
1326432082
188873505
1381442103
204733522
960416088
1957725398
1998522231
569053575
817954989
1572892079
1392026263
752540843
771562889
2067483469
1311866444
955353201
984648240
1651397359
344515596
50738062
644388577
1456268871
341009603
445491736
1112191698
1923678768
786456185
1740445469
791371658
577098433
1892909179
925304719
1343611071
767909230
1174189384
1838390567
67138740
576082658
2099416474
131282792
548900875
1878875968
911247086
1568730432
1894826032
614323293
1093923313
1316126397
637375794
1261730790
1485334619
2018773127
1603120986
1877335868
1257978402
966166863
271229173
937494334
1437263178
1701451150
1082388581
1205352254
65991430
562336110
526233520
1340047154
390883234
955009027
911443644
1082404981
1346265295
1044663989
310387314
1627689462
1425368070
310993524
1544547599
1230682203
979389285
1529309728
1282932095
1771952278
1482303831
438954788
667195092
2003699320
37892954
629593246
1850990412
1006669091
1704744121
1984972662
1283358041
1579446019
1633325170
474754405
25915553
1566682191
146897390
401450690
2137820761
875300122
1915749129
711318360
1091186763
1178154875
1632423944
559747099
1528375902
665917174
259522109
1480452470
1437508834
468003496
941492561
1351918043
1642795199
1342398804
737106612
1497311331
1367056420
1274362517
1405428389
433514675
1919025927
360932581
200096394
636490905
1998964300
1646924609
1692439947
922224533
2024589761
427091994
353559651
1098461194
1647727429
502230170
1833376818
2005157618
777297699
1699386419
2079656591
920684443
630134003
554995818
2062207850
181353294
335028858
265944670
1998177936
311649050
1694913677
242040828
1257585511
1951663559
92140782
914540305
1057541791
1925645151
373549018
92451870
362947646
1415308742
2030717098
509636545
1128788708
2104003787
936576631
868090392
1211890067
507965418
527429314
45019904
109983548
1121284967
1699976417
565448704
150665551
984337182
468740678
1486498093
812335571
1487186204
505769884
1859510122
488549537
33862596
542740892
733125237
483110172
1498753165
1891713304
1693504809
857260739
336192978
753737008
71169507
325345978
962300036
6369665
1591963394
1270872669
69580230
705223659
1635979366
818987320
1784322994
598037067
1789188948
707124180
607475143
816431450
1053577015
626611364
335619585
1130000730
460351858
420588306
275407459
2009957831
1881637419
1746737678
1265727842
1419536010
505326600
1429972770
1252014208
1881096767
1305100267
964315992
316924106
1231305551
1747982876
1675350507
698391443
1319320720
1830919957
2039303097
529214898
113554687
1254144252
1957496464
1500883787
312746138
621451061
1237203967
608163452
2049951850
50786625
1015303887
1427367768
32453539
258981152
767745933
425388810
904923040
4485648
562926552
912065546
23933754
1540958593
632444906
1409656408
404236870
556028795
1720423658
1837162467
796106000
1144141399
1151989454
1205384624
518417551
1992787113
569136020
1840996290
787799181
1424008858
1974142934
359163669
961121079
1672859958
2085506765
109179911
805018993
998492434
1950811861
301343589
452520037
1565994954
1024626573
1121955966
240123114
1038012280
1901446131
475655920
634836858
1322040416
868286832
464529666
1535813951
1187935355
1926807663
1875959144
679762494
1066192205
1860918314
1512581356
1478978274
850444406
1411327703
922944969
1816338057
1547497202
2128350227
128890239
2039237470
465725724
1114239158
1093284811
1128673700
1802606999
1408786719
587403754
1237515054
1570500470
514468932
306946238
802118970
1141536509
1247131822
1683379880
941492961
1952876387
760634961
933872802
1485613953
478539659
1608461521
789060635
128824502
1933869145
1055477236
1459135973
134396706
1415522174
1183200679
1345184524
1103868655
1811798233
216186823
1857117593
1061129233
1537845382
123843665
126137524
892683781
1447880063
808403739
920503785
1143469840
1134456996
248954349
1206088920
1949173522
113227139
969509620
415771638
1406509207
1168914159
1333099569
1885225755
1809406110
40743207
1582132486
7566140
746512174
1811126439
1618072361
1687476173
970214030
789175378
1865702505
77969403
157465149
1659916692
1312456031
1887404824
1930575989
1857478097
1890370500
897041951
683301840
935003344
1841471145
278340603
100152969
1863343201
442427692
1646825818
759979576
17134207
1428252250
1101951698
1144338250
1253554632
103167393
285483651
630822417
320282779
1088189265
874301330
1373758064
1139798142
2041530940
2024786747
2143472725
711612918
1771854337
682236684
1797511301
378397986
1801001206
1659867479
1012961240
2050328969
186562782
1072155695
137755647
436447688
831996487
1459430700
704371240
261209156
2015284169
674126798
1780144634
944638892
2030996205
1257339159
1002637352
837779972
388162765
1462691009
303669736
1043664321
773266925
1366450831
1988100738
161840551
1476979723
1166111109
864765855
432008618
151485714
849479354
855639833
1787698839
1817040983
1849039404
1104672243
1689178248
293676455
1079276659
335226834
1749933153
1017170061
1180987977
222050572
1635358024
1888765093
1171534310
1815238662
751458559
1823742083
705486388
378938029
139639918
1735250769
1805410208
791993097
2454552
1459397314
1157050547
222771457
557356415
1103263114
417033353
1205875635
1129281304
428043739
1970667822
1062030099
508226069
48510596
1909704113
97481131
2084341849
282485939
682794196
637374865
888684693
1395713885
1232665867
1452270331
1320106704
762763767
1513713339
1982349994
1547790540
1761648014
932561670
1473127259
864421670
515074579
1586915895
792157075
2004272081
185991101
402681006
548082692
935019274
1906099497
904200528
1467540423
1780326108
1824020603
1340373794
210237519
1210301678
807142605
1454285436
1220574228
1090090031
1600416691
872579290
1954218150
1079112844
768121128
766499150
1988199015
2010579775
71954593
404253937
869975859
1468851046
1786863210
486779375
1729467387
704290069
280028224
254639060
786061856
1630737864
1939113839
2090698854
1772412248
136527071
1023953399
476752232
2145422052
269509910
1048103807
130609856
1947451675
325838458
279848380
2000142885
1635898517
1104606402
1551886697
1981612801
1364042833
1245609759
714088369
193183392
1297381488
1073007314
1010125074
1973502088
1908245654
118895162
1700040804
1009846528
74461506
261552800
1581099901
823854169
1817680148
2113800376
1568991436
1634145325
679796175
563795156
1102935282
1698549869
2000290411
160021715
476506424
1567975467
89010193
778787594
878281019
158252045
176603107
235486062
1289025980
1355441570
1798757976
1746427240
1178022722
2001355324
1763548266
1487465951
1991197654
1971536121
1143583061
984321834
628691195
292922609
905625725
842532799
497575983
367599712
1888797981
1664751281
1172582504
1257668454
629887002
1995719523
714039061
252820147
1796906674
336929212
737386073
111096629
155647212
2080967076
1182987058
997920458
445148988
1746181548
507702266
123646694
664621604
231372915
1864129190
1654576930
434400344
1943209581
1284929879
1355310348
169279443
964040
1485188428
22131868
1210858979
1828837585
905838626
355590383
627609782
786832134
604115426
989122327
1445061579
46790439
845350803
893747381
229111894
771168260
440479675
664818268
2017070533
533850576
1780407322
1034914730
1113224287
1920648307
1182085247
1261141280
970444763
1358014204
642650176
513337481
2007826878
1325857043
772577307
1094039342
1791728848
1475846634
868533721
1378722830
1209302576
1249066074
825460506
1299151683
737861079
59995581
1716572286
672488993
602052054
1708741614
579228858
1197863259
793073921
1166390210
553539255
1290730148
1141322316
75067948
1488744170
1650365448
63894937
1536093655
1869289777
1857657060
1881065024
625414936
2126137567
1017547459
984960211
740006513
1609312640
1119466697
27080684
112701637
380821700
2072186356
1173844879
423276353
14169765
1572744129
378331150
1287141946
453160327
1919091941
1856624686
1399285229
173194462
1435673351
2109524775
1639356200
1429676968
1114322120
597660987
2065862022
1654248509
744872643
1080850122
1888978493
984763417
51590563
1906116398
263993609
9336371
2051902707
24262579
905560891
1391715376
1377969383
1821661778
1679790795
1709609790
1327266240
1744985823
653561898
1149432413
319464917
107851919
707386570
266762501
2052558004
1997668854
1330592171
1916601560
1584408725
1739559241
866567488
993660380
1431757744
2140064105
101806326
2052132024
1415209655
817497684
914735220
762289050
1465967002
801397049
275277463
1363142207
462974107
1814600492
1148154731
664572057
1120761288
1452630419
1741213888
427798130
1751752550
1460936711
914784658
515205538
112423339
1909147346
475065164
349053905
466480338
357884533
172457317
169311539
455584771
1276590897
971509454
1197224053
1171190500
1694519861
911688047
1990640031
252688438
1078605680
493480533
398221440
189693043
1493462593
1520086483
884950005
1463033977
1818794790
2129709503
440249709
388964474
253163585
1730171005
949915585
742316897
249592195
1752293138
1547840295
1262074961
1282276100
641732909
927137841
1989378535
840123748
910950711
1037257389
478014211
950816556
522741929
1672909876
812156909
225098466
1131033831
1269283881
1063012553
1817648066
896074495
207354828
285075300
1086043938
812943342
3454894
301098600
411381530
315336040
1957282573
1817222133
853525881
289285783
2009989221
162102786
1846401440
1884243963
1798708355
1884637152
703176272
981863743
1722781973
711646673
1791335800
906723787
271312875
1378215396
130379783
1344808942
1553492816
824674039
1628395230
278030144
1451598163
1669207206
866452604
1692980017
2043252240
1689260907
169278920
611619754
2057997647
1515482545
155778720
1216102294
257194174
1323399434
915669375
1273674758
1102050882
139984826
503097873
934740039
1660458255
1060423880
1833245368
2092714817
1755422556
194706533
332327883
678842480
1482891364
1245311539
307620446
772167178
1833096527
1285780652
959676705
542726221
324004697
224720243
1958366371
281290968
1107769883
1544479762
44022401
1126333245
1494458675
957481266
207664193
2022850743
1502847412
1583687244
1124629281
886410494
2116404745
1264989000
723538707
991200045
472949771
1692294370
959529228
261601192
1867110262
1276572758
1652021811
1356753050
429908440
394997702
1386425069
3815541
1174715991
1734729520
1976061328
509584903
953401481
2001145625
1865373516
1175846513
1389193897
1014170651
1397861176
645717527
1915685443
823937381
91618574
811452454
1387080401
1725882019
420569455
2127513265
689197418
1173224813
1695735184
744723686
1233694990
1955466248
1897728405
1684675808
521807761
409100526
404201624
970146140
2101249453
1740005161
762828264
1661492141
497034501
2039710005
1679580347
1203666709
1122105932
1440542063
1353033750
1843975515
453223349
855919545
1502486835
1331738590
190804960
1694161978
1492181045
462005057
1983565555
1986891431
508077699
894143879
1282421948
1309013706
881560671
2141390710
1903380902
1269232497
364817769
1959447570
439329527
121176033
1242051286
535455541
826837418
1613568206
1640667439
1365846415
386953207
1200602983
1980747495
1096628657
436986596
1252946526
1952517273
1849874110
776754864
1176207123
358526038
127221405
1208365326
826787919
1739054766
1372530886
2024096174
1485070728
1080457578
1977552081
1899612202
1465740878
1878922987
2074608318
1268478595
1069565657
769676538
953106901
1292203032
1049003928
1702517849
387853882
1467231824
1878529758
1806783126
2101642349
1776324809
1499930700
619994584
1796051488
1843451087
1243525934
44219281
984974209
1379183361
423977072
653451204
331852528
1054328815
949420459
1940081309
1688771991
293791943
328755933
2038087740
1541366423
176108342
2123761624
275818815
836225159
958464115
945684748
635788464
1683774731
1806553845
1866421863
647274445
60963582
857311813
1795707476
514861037
128384760
834046167
483468725
485664154
545626605
1907034308
720147331
562600184
204830023
2136245792
2080342666
1143930201
1346660668
964886531
827934929
767824969
328460803
1082243345
375795701
1284781312
93830158
1451994896
1488920867
1648745432
49281906
956416158
1741348459
717738853
1997049516
223048943
1604691456
2032222340
1713856384
1930513083
308865989
350350668
2783621
869567076
2047607733
1805750811
203175328
2131838636
623910031
1418816814
1419373915
1712316364
1971358788
2047050693
145060195
1409280567
1722900350
9337183
953516289
1654528842
235435998
782358390
1646156742
640524279
932040278
462348882
771494945
1019118941
1567548555
543218053
32126988
1412836830
1356015931
753112330
2130659093
1654676300
483861799
1210675672
1389439787
681791832
1744723454
1756320427
646061194
40859750
236581904
749934266
1920485490
283601644
2100119328
773280794
81477333
675992152
1753043566
753456894
318384364
1655937193
1886194295
962970495
354332421
2001571153
1829295893
1064797544
1371778012
1623022236
368029641
1559013060
1013483072
724652317
2075279746
618700504
2116125723
770824138
1782583419
915721384
195981715
629628857
1334867410
1642683311
853444761
1737661915
1210872423
1906985978
1491001995
455532912
677401143
305211494
1913391195
850544875
925748596
830229285
92127015
656235841
717099234
438231106
1520427203
966132680
1318810875
723390846
1148993054
110230777
143274723
1044890664
1522557105
1668290817
1164721950
604659321
266024364
1610425738
1102969797
1028736809
458400041
186315105
1194704206
1192476013
1616763612
1249669368
1108981917
925797800
1643191159
291482582
1386735659
2141979964
428909313
348073517
1620072963
1309799554
1262236072
1761891218
1292253072
134427288
1495180162
1239741307
611884760
1929906601
537762478
2100332436
1481581287
1832359839
859589010
1083423292
1859081341
1530995188
882937366
1112996078
762976193
1244639377
944374517
1821709866
2122679366
2118714509
835898135
757012441
394440005
1057146309
584407069
2031633364
1784205463
1279768215
266777911
1733647745
1564403691
807193291
2004913497
701764367
910150884
1365846965
957219795
1510744300
415654438
1300641638
56523194
1860244485
1313354924
634707761
1211773660
198783294
1657395246
1927694350
1806864728
1153449519
1572562760
122551733
1303312215
2123318388
1381623973
610885481
355593777
890654230
1592763884
1273065701
1317123461
621682187
1330000963
1974505142
1925155256
235910408
184365562
1152335782
1816893253
539941664
1675040984
1717804403
1100774030
719639031
866863288
638295325
1798098996
1515987270
1328231478
1567188552
1014663001
1699454568
293956257
1129658481
829540954
1823266688
2031338045
239056139
174829907
67731248
1708580591
186675231
1508729516
418145194
651091336
492824088
1566402071
542530331
64288922
304179570
350760891
1501159971
336572245
532554979
2120205630
262304961
434627203
844007723
1498030627
533275813
458137633
880168710
459186220
1154531235
891965017
1396942903
1689526210
25869042
1689182166
465772730
1249833221
994246719
155480635
2039136776
1685168115
413786922
1810878570
20298419
1297888987
363376175
787256677
1174797710
1468394506
1623890757
1710841462
1583588851
932301826
836684362
393669856
1455582549
301640290
1128298713
938986606
900714035
1616026573
1510171042
152679099
885346151
1301607987
962314994
1445080457
986923391
281357161
396913670
1714888070
344960828
568187493
356331137
1561880228
1352493856
1613536146
1033979499
651205889
1018677093
1035601513
783537510
276818854
2031878853
574790041
1168604795
1691524879
1408526378
1587225979
1443114470
158839444
1494901497
1786253724
1090616036
283028283
266384390
572332539
1289418556
196178007
1181154689
540531679
70959056
1883114452
853854479
137049029
35256823
1506943548
1870910579
1968803501
1813567468
1669683315
769009
409723792
844384680
484812570
719509217
1748112439
799003545
2046199281
1712265736
193279885
1004046291
2134623031
323202898
716445351
1673109418
1452845708
486187247
1857147562
1273526263
1559273682
1094958437
1244329472
307818099
1683445881
348530932
366569963
1814941720
1267644344
1329263372
1264580456
462464936
555261216
1948256281
1740282752
1338274692
1727240881
998246343
865734621
87144825
1930088259
1139523489
1723046652
1675354004
389704552
1682495518
476651583
1846137431
2068186919
1082916072
1136869280
1288679594
10665157
516121258
1960495280
1945128859
1142519924
1470786500
88308023
262894559
2109964727
2076067784
1079950371
1572479429
1955465230
984172075
888391792
1979796100
1490117721
182138449
1530259390
2079836026
1578623623
1653923333
696178150
137360564
2067089321
1016201228
600006492
1342010210
455878540
1158265257
1872745278
83834973
1287516186
244216357
921504326
1564713454
1235956997
1478845585
494068165
644143836
942228628
357706221
1582260976
426272171
1865667575
760746399
974391006
1643994417
1415276692
2004290471
871305022
53313534
1067893621
1221620743
1878872874
1386770036
1620155468
581459529
55033766
491807154
1298837897
1821151337
2009352995
1955039343
1532061626
391785393
1757402195
2055767652
614029428
1743854338
242954888
222884287
80918565
308440730
521397225
981911162
1985415850
2005879437
82655727
483746262
1472965320
702076125
517628895
148207068
184334321
436233999
549363118
1874399914
737613539
1679792392
1855263618
1546248497
997983845
1996868126
564960432
1395699219
2111029494
1592927188
1690507749
822234153
953533950
622041149
1677401813
252129847
380939142
2042119308
2035713122
287632402
2076591856
742248714
8797631
1860473816
1561976868
919260148
1800525331
724080235
1320760306
347531771
1323004820
1160083573
1820021035
1173239997
2093711773
769724603
2093973904
429024497
1248474893
1156348293
1578115963
866569931
107657991
681498093
139244856
2141717212
1266398734
1998424680
2058242009
1720556533
537795956
1756976578
652630885
1219327273
1443130242
915639067
799265323
482287925
1329197746
1387163429
2005846528
1117519626
621238422
559783119
1735826159
556637327
1588716311
1254324074
1581687789
1179794425
1134476845
916851475
1055441759
1655136016
1465150189
1795249851
387672736
1637358629
1904086203
1958168944
1500996784
515597171
740921824
1929318197
632461433
441149319
1367927877
1578017759
438790133
1990495100
1939476034
410690977
1148500392
320237259
1895746848
1978910765
1396403931
2077738550
1594745578
2088436114
140703113
12598572
1861112607
569695232
532652616
1117388642
1594990865
142276217
706630685
1881689647
1128611138
219919124
248787141
17252117
1504274363
1093238586
982860934
1037632460
1590878407
1231255420
1968753528
159528866
2107409343
1634492233
542989946
761811776
1676991960
1158019880
67910205
1000670615
218706750
1068908943
1435593644
1234532267
4243070
1460889939
1941360119
42368197
1128283395
755012421
484762274
1366830897
1668177188
1529013608
1484973769
874252880
538173023
349514392
770626467
265007493
2123432129
877496860
1178040421
829574950
740217418
1293333312
370911308
1284502232
1695980366
1690524315
823709506
1501865944
1181857836
2028848819
1813992000
2114404455
2022770417
26689525
1899499357
967575498
1925581998
1134509559
1437395909
491168552
201258385
1403710938
2101920570
26443750
1752438284
669571473
1844007826
587373954
1249015034
424830937
1701125102
1490429530
324283864
165721968
1502111513
891571121
1654021133
691328936
1118551092
423176089
1966787483
14696005
2034468837
1042661516
1160641409
968705808
194000189
238334106
766333698
342289097
657316252
1250227248
553164364
1992575090
1720342579
807669402
2080212290
1523377152
1343925975
932596059
572611822
1934380446
1215674022
1319186552
1153448473
1353264754
1609916713
768742156
1491019327
2054096012
1386687567
675796654
792056284
540974807
145585735
1551278748
1760630300
638785763
907790571
1171094329
1693456902
1995376665
1165032327
1486480994
236286184
1508091622
1905708688
1314976102
1487972278
578379121
1246410048
656054289
923109385
2100806201
1506830019
267940078
1993263576
1888817038
522838066
1328164916
1522345373
82983888
924829757
276541279
1191852078
67402529
1568449114
1918586237
206222189
422995484
58752172
1750505339
1534239836
484877270
1576100546
1998211118
1809339631
1654955420
586407369
1360539171
1706580612
888409033
136541982
1390734756
625449479
1038074527
535650479
1693588406
1801475108
758403710
1136114940
532537590
179320316
781816276
450356615
1079361284
1128823836
1774294676
1815827299
2020771627
2083193719
1124236383
1768396344
1125727355
1586635254
411723746
778850565
1907232452
730584288
1986873601
1378889054
1764824640
1233155831
53263445
791253076
1012335579
243266034
100579950
1515922890
717559124
1889390344
356805340
122714314
428959245
1258861716
515170602
351562580
1866305692
1014875100
733549599
1566843586
845139448
1074479009
1288205155
256749798
1887637295
1137687649
2105377487
1225684668
252850342
1514071435
1539449982
256422133
735073296
1600446629
842681849
564960873
1485727560
466560002
1427499718
262320246
918276462
1376513488
330886244
914983252
669440000
827952830
2041366085
1478666189
1156676352
498278977
1048347023
244642147
466658345
1641094696
1976289842
299134510
993871041
1667488927
622828259
