753413354
887690475
1437300136
1336561577
854684405
1608122332
1038286308
291393881
1252420270
1243884077
1342746626
1624121538
153413930
1191143152
1344417837
115132108
1596784447
831869318
381204140
1545092110
1230989640
1102504353
952129752
1289080012
563986817
2129149686
1093173559
1965364538
227216788
1091838263
549109913
1206634444
897373524
1555160217
2042780137
1580776980
59261860
667723746
1973220786
620750033
1997838138
986946300
196127616
665765789
644056663
964950455
1560927548
1971991999
2028099799
1838378406
313053840
262770581
106448484
1658020591
113993462
219114831
1620656349
106391056
1254574735
1257933491
1849142908
969955742
153586025
1715144299
29090283
550690947
1583431218
2135793432
878670857
549519513
387340111
1858326174
525475599
1635336477
2119114282
1527790454
2083576921
1685570590
1752410138
380409538
802172863
1885777929
79652047
1836322052
2005145590
1891561676
423614796
2112847260
1521302234
874869853
1665966901
2051111480
923899752
1621197018
667314109
2073181167
1384559110
661637103
1947604119
1312607933
247139898
1233266945
1067818785
301429107
792874948
206458057
2028607597
945035475
872576138
826184116
368416127
641287859
808710335
839488133
539713703
1227065773
1640464712
823562630
1899983277
311898629
1437701410
1133593349
392534001
1997076381
1548573912
718252633
506912417
276533474
9232405
1210992823
202075281
917960236
2094488648
1189070463
1660404307
2078710592
1660527185
1970705886
750931051
1792207480
1389081191
2122735144
1256516180
947656908
125331400
1816784120
1943884655
1814416534
1600053226
711363282
709757688
867218184
905033032
1448138473
1221601388
826388864
16998849
1642733865
512015937
570368313
732367713
1967355273
1487575137
74359970
1094115814
623126006
1465874317
1254812184
1187767839
1010965655
560021940
163260781
160835919
414259311
1592196612
1717356223
219287030
898880885
328102760
1273998089
32022785
713370223
1422390316
1014840470
492772788
1866158039
1894264836
1365528969
1445729985
1342435565
2104786308
28066141
1228081602
1608711953
1611874535
252989409
284020760
553517064
300642589
738061061
1504622932
1537088357
277467250
1174898437
2017368381
16089590
1280257355
991476252
1584439158
1197917793
503791374
1507203292
1821437339
2091834789
1931211280
1873415844
764374145
426506340
1900351562
1409471760
2137497205
974527237
1139278588
322490927
926127659
1542429431
1869164145
685902331
1010867545
417552889
1116259218
1604075142
1639800992
1347367249
306819946
1440986311
771895078
1536563889
1027193873
130877156
1832676373
1901998197
2069756531
547094962
1875021548
1860259794
1401008818
1725499373
597525163
994187893
52658708
762252372
799092380
1556086145
924587612
1465234967
301723833
55001605
1416475950
1815211380
1305889939
14205342
770657449
1406431891
870691501
1509989194
1008819562
1918636816
809349489
89170974
2136645141
1953715490
1661608539
1597324902
567337092
968448238
1758833026
26329293
457677351
129263316
598139591
814682605
119072379
1764673610
2072410861
290123814
1273293450
1901973555
201641322
168512382
1085432263
1023278474
790416998
462273271
2123014134
1623556538
1740703297
1711113343
1376449417
1341951604
586457980
580322077
2052430815
244305669
1800563417
97797210
1864232588
460225276
1952486899
975797182
1020861774
842421162
1803242215
161679422
477330924
52904583
713558825
1700193527
307049449
1945571923
2093784425
319156908
333238903
561815760
1448073186
1149314351
555524275
1721575213
1626055002
678496709
274518506
2004424398
1332686547
1873980941
1771472983
1066253903
15565103
1906552935
997399222
1498519703
46146314
579781445
796733110
579519303
1348022679
1923715960
866964088
48882494
422689001
1053056799
1608662590
1124451032
1928434479
701786165
1292078310
1377367038
1024154861
448772950
716450655
602817029
237621189
1878871571
1825721660
92578933
301215749
171731918
731277925
119670486
2048777195
986028861
925947592
755526898
891032807
1398944409
859976381
379123559
560447640
1438349242
2116631592
953252565
2042706884
30131149
1576321011
395113856
1865624895
1864207629
947985042
1359926043
2071370080
159214443
1428387636
2086952572
1020042965
547332742
1542355443
1834012494
1193698616
49695
1310551100
124970326
1515706483
2045942742
645981349
1808452079
161934211
89974644
60203454
1142425140
1281060459
1174660144
557384462
64750053
133629389
374273139
624510724
142232123
431406068
876697090
1162053376
1172146073
418667185
19800935
121570677
904787875
432151442
1766402842
1107517525
221359974
2067175790
2015566457
694102787
597402054
1187701908
1085858522
1061018974
1318505714
1210247748
1149691616
747146991
2057304312
1874718164
984193216
213642961
986364070
499285934
398800309
145099478
1176896594
886871720
974428256
575242300
2130058368
12280524
983488743
1192732013
1578196075
759074626
990992748
1971918836
2111881118
628844292
1446630584
1299329008
1940017440
1852910834
1927532646
1940468012
431872827
1357328993
1572331312
184354938
68380315
1710991217
2115230872
1838280477
583696452
2108260152
567894856
1586625536
832033540
1796204953
690760635
1504443187
1702086633
1617249016
581820467
2025945695
944077540
1779779764
1130283519
1406579061
541450982
77366840
367998792
1785718984
1172694861
1068809500
917206016
1448867056
1979004740
407657208
234622793
1502927649
814559800
1924796428
151423934
1027883004
1545305762
2117278857
780946487
1648713977
1494285230
1366389683
1094050807
12001905
1176397016
1923403875
856773078
112665727
1039064871
824071124
784469006
1273096495
1264437650
1680770785
1932718563
1743709501
497352563
1681663716
1006968540
1029144462
2042067819
585687095
914699364
826766245
517880893
322032082
864350560
678824592
715499587
923932149
1059675585
1561288679
160820092
815731318
1050647670
703859486
513211514
1503026042
874223351
858608067
1132020118
753700376
1237109577
1201120610
863383936
37249216
314388549
1473377576
1858325561
1466463635
484736543
996243553
1625383905
617752531
10077080
1561296395
185894929
1885598565
1299000939
1640309453
931222664
434330346
344053643
889853440
1489165257
1261865021
1690781644
738946822
617547714
833180327
1929171436
1035247270
2097978911
1855622537
815231874
1357329393
1306521284
250867176
1984623959
683920349
776867153
1451111770
206663543
1918964043
1369477773
232845007
57262150
1609440478
278205349
1108418851
407804796
1788701103
2045860549
596017330
906605886
1589812730
1949628173
990238782
202755881
1270106250
1235430045
583574006
1169344141
419658300
730704079
45457907
1572044532
1762445892
881317839
618751913
539870052
1189021077
423311984
1191412808
1970353724
1706313444
35889523
610985785
207818551
1644454224
735897737
669877435
565388004
1108664643
1157441445
1982412146
589308030
1620894658
1818840886
1688717255
1419442171
275960592
1395314766
1062132778
658564132
879859479
640984412
1259047013
840266107
1247529268
1729004670
340711229
639690068
673925983
1820323594
1075610473
844173606
8094476
1701381651
1976506037
204304215
668042410
1224321925
243887369
1917022657
1733682391
986757459
129262643
1062608094
2033334971
2012419199
729426166
1992914244
582451513
1546829731
531250232
1825107802
1381618124
1060715681
2115042697
209932056
94070278
464435249
680602417
1476129881
580010288
1722230020
671065180
287675009
1409800098
473587613
1570889225
659145953
1346843631
1327361205
377263573
933491721
245722382
1345213315
1728955583
1667481814
1649443305
1423447908
813519809
1846480305
1829138114
1501010610
982653271
1969313444
586178870
391967894
95372898
10158933
1949022203
669852732
550290206
1874783340
1805068355
1591983414
964827733
632874592
487833291
353908416
1433401013
1672003698
731080782
1511897539
810103702
2138700953
1552736110
1872579710
182806790
1794648349
1532876986
1242933746
657228996
1503124094
1300827744
1387245892
130450477
775605718
830624366
1911665180
107021712
325636249
1373762067
1970730629
821760776
1748798408
822874872
1987851659
1651646853
1404571713
432544307
779021714
665388117
1570774620
1966118605
2107833948
1647182289
2120694375
850441905
1608195032
1550530659
286217478
437853715
2019695732
1786080866
179105462
1293134089
368087531
945511494
476338298
630120848
38970956
1622975644
1638778252
1068817302
496982459
624476446
801917931
2044886472
1573255659
2127362786
550536447
1053014764
1002233747
650199793
1556683001
446135972
574400008
927953786
1201349550
187387676
1381963364
454893345
1212771445
215959777
1012955231
2136128365
2057387678
1438003593
719949526
1696833891
712134192
885371014
457309957
1241189822
613130445
319838041
2005775300
1817536540
241191466
165727660
231360900
2104244515
730435545
1172472243
1120167573
2058051321
1543862359
364392939
1978462648
1330154268
520395602
173714946
1231768882
622969211
1919399482
941964410
198553525
434527623
887197826
579512047
873959550
1609685889
26052093
980606467
1725653674
1119053505
677989405
1722688219
695446795
1454674637
422214997
136367264
1855793692
1448948446
245738022
2011771759
1436406043
1325361784
1365505515
1073841289
422034862
740837537
1918793431
166210914
1763913128
1361212846
353055111
836179291
1063779307
41960973
45966893
1773129023
135023773
1759980662
1266929425
1353086015
2033335720
1021450367
1404016433
1718625007
846264016
1951699188
783338001
1096861121
338514063
232802627
122946544
375100157
2128525940
215033978
1241435474
819565684
64227172
316913235
1366234590
561317318
94658833
1950634225
1733723104
714591777
918647415
749619225
1595440032
1176117923
345813024
622354854
857765856
478705736
271209706
698944873
1418760275
929158050
322344946
1400002485
1292077508
240888467
1285466193
204876004
244271709
1259360198
45196905
501217541
714968641
1345074417
224659897
730402644
295441731
720662059
199020348
1639785821
611213455
616661027
140545154
1245548248
1055971861
232622394
135179497
1493425636
198807345
1762635238
348966950
1255976502
1003470628
1565112741
2061975050
242158209
262253391
1458205210
1141637375
446070383
1550522514
842159817
856758253
1927919124
1477885163
409238884
1832757308
996843112
1532575322
1686741377
1784360785
1462424102
1663854112
1839761574
903090372
1978405119
1468510865
1937831575
1035278511
1346598233
1291610593
1042930487
1605597868
851318689
1348973944
538846465
1046076230
270685442
1220455839
1671087801
1081566548
1041079086
1608997569
1314245490
1068587672
2047041320
4261226
787164103
626090111
2142001795
221292575
1823869337
1495407634
1542012632
1496660996
85286951
15861189
2138626639
1321962481
6841683
758433800
1893946847
83075532
552519086
836474010
1893307805
275666219
2034801670
431684853
2053300016
408001798
50644572
600819350
1902457919
964459558
100893528
71237988
1818470718
431373547
748759548
342913325
563438795
1919653643
1881969999
1818921230
928584252
1703370990
1457443764
1819765021
1186358232
230516947
1471673048
1121208251
760244256
381170632
709644092
564683993
1146011962
1734738451
1720820708
849827793
1617446161
641819450
1915590481
1711202434
2065686115
258279962
1325828742
2099681444
1246932950
429636639
420879505
1838254102
1754508564
2024144162
1918269406
1137174094
1374393445
1198949112
223291584
54937302
260139541
768100446
1526669161
716304166
1572067371
834057260
2064883337
1261678253
1108182930
479222064
568886349
723087038
414227735
1935316720
380564229
2087213507
1323133809
1876552308
467680846
1436119094
797297207
1031559375
1112532988
976101272
2021244353
904261724
84672694
476821969
640721802
957537454
988258136
814576973
746047925
1785401262
1322134283
1124427459
886534416
1536974420
1303693434
2113648693
214780162
317789985
1407858234
820737338
2108741732
1805545035
230459497
1760832814
1728242393
773262281
1762454739
1759161605
1830455547
34596844
1382504324
2039479403
566699043
579143520
1934808756
534977028
1010350544
508779451
846616478
1745890809
210258273
1765862571
1976422433
29312079
1169801289
735669802
1344067048
1259777760
294311027
1872210542
1415229862
906769393
273331637
76735123
489257770
544097898
1625384679
2043731928
594871678
2034048817
887665381
1828367082
508688448
404962866
784632022
1434506131
1905694595
1885337159
1034017723
1526136045
1904711580
1030617969
964484960
1956663999
171150353
1830423352
595150173
1984794731
1242795060
867931536
194342334
596018601
497236876
438926360
1785973825
950419092
1501519692
1949078040
1710015450
1959637755
180956415
1157677879
1490345709
1593743556
1207828928
467066262
417832614
285144764
1320470775
24430385
2091555565
1381946393
1232457533
3851891
835778461
1036073868
995384601
810677791
1794305213
753191595
225667900
1298148143
441883655
317306043
21260055
416874123
1055234224
1825041042
673205877
1699611416
114745473
865097159
1390351495
1081001527
108257298
936391090
606798409
2133350731
1952772610
636928926
2146523544
309752856
626705194
427851760
631661527
1558706837
47989935
633996217
20793161
410721805
1392776574
1912820857
1845979259
1486577380
622093205
641376443
1980166276
1406350673
1282370285
280426036
873820822
45925433
1315170534
72999644
1868319193
984890417
1410273928
1804029184
1597110713
1195491785
1117307921
1061099957
309802236
2141714730
223095745
144215574
657924537
306820314
1274391907
1095960517
146828886
1503584005
86344638
1879955089
154595242
1241918619
1063467517
490371998
1227820937
1671537929
1842449273
1107641516
24848338
262646030
385028184
870815052
932679994
142143190
235563172
283506250
491289592
438459538
2100263837
1705468693
1716125949
1514077321
1514691825
1586485302
577758420
1519549486
1763463074
1551456966
1002806533
994532742
1721032789
472857325
1503510366
273438345
360952645
307672209
432676611
300799783
682315360
486505011
159805258
639164631
778823867
1038818107
522058189
1139344696
1952928437
662954320
435543840
1585666133
279631485
229886827
428334941
641433831
1744232747
1505189738
138383073
1361950707
1208266469
1912780006
446536824
1904498531
1781353669
596649336
1250446432
1371772716
838211334
816576090
1780092136
983784534
2014461668
1269198161
1865230810
222022604
1116374128
1832340424
1867221428
114786775
88465990
360895110
1776242394
1689781182
885044168
1578506522
1126163475
908267822
131989715
1474236625
654156274
905843441
282736586
1596250164
1491615736
1687937929
1533934712
967032501
1704698509
1052457379
1456247254
448159146
1472983255
1833421414
332100847
386379810
1853770075
1651057999
1313794402
775121182
1571404420
407805823
783821193
1454158232
1596676125
915542442
1656882681
1534213193
1081943873
487152180
288626185
1590622707
680595375
163393154
698134236
75547584
487569998
2065325147
160009932
1939813592
1268313311
1622517757
75604936
253184093
918335991
139972379
136548207
2126166518
1453076946
1138902188
963509794
898355931
1833429527
780544470
15108020
1305307801
325973048
224438839
479812558
1110369657
62203116
1346033504
1112311056
57549838
1661936750
2100476497
346682316
218417762
2104547863
1794936212
279058378
1798909010
796551190
808294208
233335429
1150100451
1295960656
1545583471
1035287237
1199743219
88400439
1694704240
1204920485
2008477891
432225972
899191520
1497833023
1135191248
622895706
1294477907
1966150221
2054249742
1890588623
385839488
1255992668
1320110383
2000318648
1025153695
1805741096
1163076314
954498921
1570781743
259786989
1505680940
1491148661
1046092238
1109788082
2084215727
698748464
1787030805
523974828
900067900
1838115348
1063237824
934965272
1026275977
1571740168
1487822601
247040272
313537817
2090613558
1383798231
820705094
1762512544
932466745
13584225
1290677056
637772204
616440590
1467166914
1895904944
1125680297
1008196518
765209131
1547205504
454319273
140472289
419307324
1398051990
1425109810
1167712858
1948472288
402436152
1626990397
424754844
767789582
1384830277
603268154
481180542
2052603272
508574084
1194205435
253200590
1076414449
428195417
409108414
1942197276
1815571415
2094390076
997858443
920326440
98419240
984915265
1540217915
804612098
880268160
1699766952
962846360
2101033671
1389114672
1165361802
464886859
1283935096
524908726
401670128
729768830
617671890
45460151
1803117437
330415032
408883285
1450483327
1473126336
648646311
168665602
278542485
853768940
1630087462
1639655851
601238470
868875226
2094609612
1696345353
120827691
515282606
864426907
1368709513
1502245271
2035011924
1358690522
1136331673
655322923
57871190
85650751
53037838
740828175
1821238439
912301643
1060607772
725705581
421843210
919076585
666005404
1561466145
2021314638
1937873844
1698966899
85863719
1528886046
852925160
485995720
452580027
482997388
1906727393
58420019
1085761790
1664379774
460854067
796804914
1043289699
710427157
1552897216
382967452
1395587966
930332451
1221918852
257181445
301267366
361627102
1256719037
783279866
951873770
1991605997
1858012902
1450745381
2027704449
2010988477
618278078
1805190140
1367161112
2115802745
1111837229
1590064814
1519710972
688947579
706413173
1357559962
904469912
885783737
1624369319
1379899976
747324659
1874069453
747283700
1040299647
1202499539
2105169402
837597548
399777622
780879369
1533678568
217023596
615623733
1817871582
1878820729
1510863498
1185459744
134856832
885734465
69291178
1868228561
134709384
1445527226
1072797538
1239949691
1169698092
1620191239
1955052562
1837524241
1319970362
926941095
71953619
1848166070
169640636
190456824
360037846
304282241
284555345
782108216
203818113
1491038328
1353668616
977392358
1173171527
445149731
639913608
1339942764
130838398
411611199
406999285
1659996745
757548445
346709008
99618123
874921115
2050323082
782034521
307190407
6547627
955224103
1303930225
1908406645
1966317048
1368037702
1978440994
2040746349
516216338
321608689
459625407
473945317
1050637892
1340221241
666546020
1727155756
1720266326
1919449783
245999176
1821009006
1344559298
333716227
326237085
189318053
1233019281
1069217621
240780981
1463836592
2035241407
1410112766
957764069
1308821239
73567381
788137485
83717125
950071384
992596946
774014686
279566420
821123084
1201844060
1322886694
1899444279
1743122149
1422024130
1889581475
949170576
1416166766
1929157627
408047962
1646414635
2056532889
1565332544
994595398
79687089
363904190
1918786384
1031246950
1975549138
1138240204
1210999095
1954389350
329144965
1094289433
1398045300
394002009
73698624
523580945
954110459
147464687
950636940
1422097894
1366153290
1907914911
1206243020
788023240
1623779833
780175281
34425660
259876430
1010980209
761087081
233997511
1164823636
475436399
981037888
2133407250
1234731173
505116453
463671965
1605613298
2087195946
172065540
788547142
139403529
1715515143
1392081854
2064454213
1729261146
1213636895
1916074879
394829509
41847603
519100350
1552700867
908148592
810793216
1617897783
2122340313
1709354171
1009161596
1428782197
1568273444
1904802024
211813826
1543861606
1506128033
1790682078
1033934022
2052191031
1288857018
1427864691
1275684192
881024489
1144999253
1389575097
2015957315
122506790
259294745
262801092
1408178816
992768606
188998199
666382030
863369730
1804600040
569731213
2064429685
390135354
1604105952
2006015724
1219895607
1651428328
916315925
31115346
107278317
254437027
454857367
393273085
360398068
1044862933
234087520
1263198942
1063433975
472184252
1107257446
294541332
2004115182
1607218775
1649814477
40782834
356465827
1756627241
1117481733
1022276940
1688530183
454161077
1680608644
1506365539
1467350751
1473232485
448000799
187875999
1785840607
1509912656
980538334
486364498
2056016701
565635077
2045825093
705201073
1440423009
1351981353
903421028
4090243
2009128573
669060700
1152077078
1468407355
616910202
564267107
1355512077
222045430
1214054807
627920038
411218255
1269023342
785655578
557476084
762864808
1652525998
1850746755
346578300
1039365158
1268572747
1977965618
1109879792
1449140152
300202040
1849796509
927071901
251578147
1194290895
1539576359
702734337
762897563
1215693202
875675092
1241793505
1747616204
2016391625
1458134798
1481904572
400301620
1964563698
1282753950
332364323
485274882
1988222832
33565681
1290462494
1303848003
118910691
1301226617
814463357
543615376
93006960
1903745155
1473453608
910745524
428167288
1276208623
364813377
1560966389
1730120990
649874621
1642392551
847288451
1891875527
883793577
1316390002
257426780
1063171418
1873159586
2067214642
1433665396
1755071131
1730440483
1036965831
2039976862
1173680125
1480421937
1971117938
1282008697
1397471577
207431246
17550109
1163743050
1371585499
1450417256
187711788
2126869722
1915377675
1898035968
110128306
93646774
614649473
1223729876
1880701503
1598215525
221693726
239961188
971338697
81530610
2016637443
1155616465
1272144353
1021949661
1962163907
1594209599
1303250837
193601992
783877370
199934381
523818352
484185748
277879512
314046719
144319187
1224295091
534787499
295427030
228960232
1412439678
1018459876
224462643
1682394643
1389852800
115854512
535147965
2053812273
1343232590
58247448
2085099049
173342774
784540832
424104737
1617357326
1898797893
622817139
553585298
2073293310
1984019503
884235995
741393985
1386969310
10332900
2079936896
1132169473
93409258
655912292
1579111523
881999597
1922988257
1450122256
1438359492
1556764341
1526813057
2076356929
833067811
507376824
512570379
712179957
1295239092
1666132422
357720024
1613318818
1012192984
743884506
1232634870
345718283
1337664809
1327703479
1535635728
826063787
934067508
2096445036
1201114381
1552651799
741451439
415167009
1091857291
543533764
1830487993
1503417150
720879698
1796489650
1369062205
1497732077
1825990270
782500878
2031293373
763914022
1161432968
1385445415
389635468
1842186101
76705323
190955992
2129253459
462311731
1425849922
1826195046
1241522369
1156017702
331938058
688128966
802383120
497784687
1547106033
1830643668
1492742707
1673300342
472618727
2125509757
937188627
2079551779
1455832085
509039747
1433894819
2046415660
1948180168
1844078397
19991529
1592775732
2133521905
484013573
1221911049
1364597641
808393423
1831135169
858315214
496736124
1491603970
1172631310
810490532
1950187217
95653724
1933457873
289840055
567339809
2074292561
1999953346
388759005
766986048
1861329929
353607658
810531508
2124485724
292404115
1496937017
391584854
561998461
562064003
953013192
1715645771
1249231231
649350584
454709270
319289355
1319650726
57288804
62884017
719798774
1620872077
1694658064
463728816
1870947473
1044018476
663850120
1959649233
898408083
1985944959
1805426876
7580499
1990827403
587327525
183083468
271923986
404116273
1020065765
1785217345
2121282906
1807909097
200409310
235693344
507639149
1059124237
2100262431
1036801788
642870624
2016891652
80842725
1554503569
951055256
1310426403
1193872403
202909479
2140804314
1616489240
759031423
952726411
583821711
1265172524
362880743
1616833305
628067879
1029215763
265192579
321845374
775652713
3935087
1510338902
1070068880
759301657
1567634987
1510281561
604680023
1141788496
706339142
1214186303
25578215
476665611
1782948130
1032730345
203007860
302774629
126356711
1506357926
1352768465
1908587191
1231331858
441438519
67653489
1750491948
737222795
953553834
2105030392
995733720
1432075994
1340802154
1893260121
1110911412
1860355430
350297956
247039292
1122191717
1941248051
1633086175
313768250
994488523
1722707235
1098099426
1529794748
4836315
1674184793
1133824007
938081404
1588417850
614010625
1681133482
794830079
901266970
1548842995
1028216557
1208452002
1093880469
721346905
1603540030
1444273599
422367874
1528090789
306420214
1826686806
1891105549
1357331292
626388631
1466186918
161907299
858708201
931241032
1525985598
1664641266
149103400
1384683845
1891203959
773359063
862288053
1011931008
1133316191
272260078
1594062042
262276219
1695911628
1149480792
1408669738
557722339
165700158
500717114
667536428
2090841978
1706020425
507762084
681165681
331626541
119360756
1986600323
1010128862
1371093589
1502573183
1871316091
106778028
1173646853
1815250886
1460960482
1664133320
1076612049
107695504
430912083
1898707671
1023702776
1843414557
1107642872
329144417
1109921320
2011364323
504492563
838286837
1317249665
195454882
1637379474
1372577220
1704421787
1655991992
1899126076
1619283082
1709271534
1099459975
647400071
70592551
1791895258
879179889
78596280
1495299385
755859730
645524070
121072405
1871414189
528208732
1078029417
758382876
1596912389
992851718
961525091
285228332
1764648195
1802413888
2071140189
1821040804
1849442835
455464724
2140124093
1667944281
551349480
758718733
4590704
584093416
78538902
1715104259
1784620640
687129780
847683269
627403046
1834975512
711501344
1404125181
539110509
274414601
1012641800
2003163952
2099433847
1196272408
1353743590
1511732800
1709484474
806485104
957846896
1366088966
1731193668
1917066792
366139838
1022972052
1365065008
2138231581
1239508366
218808696
1270056897
122088242
1235453399
97339833
1781089885
413398231
1176488552
380123857
933624796
1542494066
1483347177
1420679214
1984502474
1403928362
1931632551
1142638750
976606899
1133801245
55267266
108702448
658795470
1204726595
1204816733
708994770
1799825365
1830986160
2040526091
210599960
733128485
782238264
1702398433
420287889
395328269
320233352
218202527
35049097
1802807252
1957943313
2115703480
1566134780
1262176158
1124200359
403813561
649988628
1938349860
458651643
411145263
880695504
1449679559
2053764806
1025487278
52686737
1432869332
147801211
554618297
1669484346
1695230387
546303030
1698482565
344102968
443946701
61722385
241558233
720094807
1386069539
541256835
1412511984
253445082
1083878488
1707903246
1098845628
1969289637
1570607445
29273463
1115745866
591089654
1228924401
679052470
200435517
257778573
65924924
1896209876
541674650
1835868606
1099803993
453892056
1340621629
1746535629
781320778
1331626887
798942023
1850573463
214327322
683140203
1836032434
115190272
2120471229
1062433715
1743366921
1473461042
1761707492
335331097
1150756976
398957344
100026655
796967787
1850786494
1827266567
182314541
1751893145
149259281
1515787949
2123313786
2142442309
2064570360
1114336914
1254008388
965227891
227008892
929561498
552299541
1029919133
856940051
458331733
20466749
534467294
1824457144
468571882
384310241
379231120
1110060836
849584044
1079577929
666954449
1215579494
1473362627
704882457
523514414
558058584
509154116
283041216
1345076531
1902623815
286358576
539159811
391813752
1548972400
936368875
1726901195
1292877865
1153124765
1672359556
381541271
383491057
1491834305
590032385
1845223638
97863910
419075534
458471012
1898658844
636856525
1749312893
1568846014
450893789
608766324
678683981
433714329
144393691
353409106
1389862804
864640717
1847354200
1816117626
1356406172
1247012634
233980091
622446677
261382873
1116114889
1791756188
1136643822
212836861
1539929756
929856057
711337777
1735445032
470315348
916913146
467850943
1949866342
1084247550
2012232366
978048788
657279565
1421818334
1128853037
1543508326
509948684
1685096729
16354707
1458518914
1097387015
1579463499
1410718052
1725361063
125471243
1888042491
177850347
1655820230
1507890328
460215830
137495883
404157807
1461082732
1604096743
720889740
249250720
2014123405
409556460
771810186
1024143488
1050489622
1736608270
477303267
1294794940
2042287145
751567199
901208098
1331126978
1653215004
1369824306
1009996196
1770660880
948278558
968684583
2121929702
730416660
623659185
432108639
956740774
786432834
1863877307
1075129789
1434703913
1226884235
1043092352
876599699
580661042
568765523
1877942873
1902681296
1913847722
1251305263
469497403
225919159
418149676
1899429111
761872555
897276089
1781106667
1269638761
1037045781
1745380814
516420366
2044572694
1428830437
1694910678
823336131
227500127
882039107
1873142388
751042838
1708902408
2061260549
1124249304
812703148
1545679356
1362541800
340638099
595275428
1221354796
417445120
193267303
1926324019
1818395009
1634004096
954348810
2004392592
714385279
318758675
699630686
1820967268
45526872
1569026154
425374890
1362836680
551587094
1151306088
1642449949
939677178
1366465679
1892654385
326016366
956716807
1704799135
2056836250
1744562674
1960295132
1441430500
1126526261
2009643480
1272776140
1350794897
639715378
1192913167
78752423
1825915597
1949489706
470471187
1211188776
2010536397
747635340
1047122036
1770252188
128551305
132147649
305421335
675415654
327425441
1268000177
1285210815
287555332
2026960631
1427389246
2130505942
903429108
1405484533
1922981039
832413615
664267168
1187981560
312745107
889051845
286818081
418215638
1643073492
689006381
214500087
957798184
197723529
5418512
1833075460
1759209117
1358192307
1011446273
1587032272
1246692358
271605369
1366409021
2016269920
2094592662
510423101
146179813
1226647368
2116464752
1350516263
1175341143
1636798419
578047017
1912880219
1073656220
298377130
433567668
1772677067
2080200089
20713304
131107254
1140321681
1312514131
1262937385
1805706707
2033301314
109324540
1394449765
1457789085
56708378
878828058
937925020
1395768650
665905613
1860542565
1824162362
1708362579
1826464345
1072607594
33476473
1876238685
1326719391
1997232512
894704603
798867724
1264207307
1803838741
899832625
1513452704
720405606
410318563
1758447191
1042657469
492950523
400619902
1501787939
1472264545
706790529
304577667
1257981022
307895551
1596707214
356449176
1078529775
1268548923
918665321
1311883416
2062865502
1537840387
1006752429
925137291
1923038255
1291002435
105457913
2103407598
1256301650
1177012370
1329627639
411973175
78637589
778174681
1784898782
504058037
1079906016
708068490
1885765337
47746151
1816248962
1221576196
146376309
2139386185
1411259091
284171838
194577751
1281483441
984511614
218850267
1281229452
2010978567
684033567
429143887
557191149
242344106
44264568
73992886
1171188526
508711091
1836163987
579988596
354417656
369170669
1802282369
914323601
1391262723
1168001902
1333895537
1255531559
212058705
1107578099
744358566
1284334196
420034548
502715145
752689698
2089267832
1482782563
300588776
704472831
624560700
1303208619
559754837
1812316941
1055977978
1212213066
1289561046
595242097
166340324
1354776528
2130088421
1394760758
1856111030
1800823874
1280607041
1907572389
290717259
306822481
555109902
1276855042
1137929417
507760985
1277240124
1117515140
1269925011
351648720
1997142063
1617866564
1214187380
1650642258
1967151728
707159319
1718012247
22474341
772907298
709698936
651667938
330325126
375929182
1671056544
1454406030
2081977126
1422908400
491115013
1579290979
2053436709
630688469
1783579913
1503770345
1702251069
1715751176
225583679
952457099
101632321
1392712780
1498109466
811065092
1933704213
1766385181
1485871048
1370529513
2104005173
1250895313
1339039920
1391484306
676448051
752124848
226451995
985019859
1155378107
435181207
382548391
193791200
684525475
1041461629
1704545001
1061032015
1056756109
1065324558
2049176913
1035137728
1803592953
532828344
53423188
2090513382
254402645
1450481929
1646546340
1528632476
1252238624
302669199
357497542
888724336
1062072518
1188481373
462009348
1359912607
1544549278
953595719
982095131
279199543
78736162
268574614
620784276
570486164
1655549240
772637082
1828987548
1309958541
114501960
375683576
1335410746
1127689365
1657277803
978277866
1228514974
837918297
1110461850
509096435
1182607824
416757626
682321669
1022972759
1056551241
652151151
771392075
929855711
1958779764
1981716904
1438669430
1927273832
1025659546
954734417
414242570
370874791
2099253916
304053667
535769170
1194363021
1278526346
1889091367
319806640
1466595498
1345183724
1551676351
2066199779
653969726
583961865
452425008
1564193532
156542622
1352212306
1706560115
457069810
1327890666
1039061539
328563800
1741375494
694683302
1351515998
1951169437
1283769174
1537971321
791478521
832757366
1377754569
766411385
1942182932
1898782452
316464390
1506792980
1955642187
1904459356
973698539
1662102771
151217894
1973631558
2062030080
1550029705
637012499
958215921
2088293269
1561752312
141682561
759202484
1917492671
637471241
1022341913
1975949873
793706679
39988635
670869509
1193642204
1154083632
722183409
287661785
896113300
188867772
285957878
520835317
1220814651
724499246
566219199
1322401489
1726510829
2049272365
1074917400
1673892815
195615651
434457070
690608422
1401602971
692222294
2000455465
1221990592
218799388
106894919
699783597
110294666
1375904282
1176966718
629200285
950315193
826745176
2094410953
947644516
943786080
121083669
1033735614
1974740375
670562257
2001135457
875250690
1271151597
480783491
161741192
1279900770
1769118046
1176376882
489508097
1217804474
369698342
577245785
914499251
796311364
1584295517
2016356379
1165243713
114120440
1956562089
1340252121
1242143286
769711521
1235999209
340599816
2102889745
1675269021
856400716
2084834316
1737603035
1189631654
1735546684
338789503
1590169241
1044574
1530170214
487320920
156211483
475819017
1273600956
1403167732
352150699
585126584
1795242840
1429456233
1324531373
141301768
1129181995
1073721237
1862549353
174455307
1014516759
495259127
1320943311
1278114906
241868318
1060024155
20869448
401377173
1421231306
1019120835
141056022
696023299
657856438
1113330396
69457059
197114680
952338507
83506290
1922294298
605082752
940624003
1754036255
1340981113
1301740802
1005636454
1659392624
1414243538
1178932958
2011342713
1572605216
1847901882
2071636964
87463318
700914023
462490419
1386496513
1810275137
1315438286
1232345567
1073721170
269910201
1063481298
871392065
465414921
781557281
335242061
1136784249
2065247136
2114981547
559591910
121386881
1590529648
2072398649
1620439124
2052197008
320537567
117315128
1939596124
1592348206
1651430055
793771910
1673868043
707779296
1291894225
1180571277
1114985121
1616957620
1163990454
1018866797
663050077
1432454585
596357971
57627574
891782654
924133327
1602105250
1285438531
1725560324
349709318
1818311871
1244871376
801808169
1533569935
1485334625
574698155
2139541357
1071271729
958335475
251846639
1201403754
1086386225
1465624495
1977574698
1340219156
773316320
2014980322
1112617641
1670878062
728587159
742309061
1726707221
1810889488
868926154
324936286
143604109
1582714709
73790822
172374850
1511836432
1911439586
111122322
1913389825
1272027868
1067437711
2110926018
1947493639
651835342
1841806546
1311620923
2028767738
810484055
2011711217
668513986
581260222
966412423
90813559
989137879
929359425
262479488
179592092
1715795821
603624150
1531439722
1549331820
2132119072
879396188
1200125630
1194636802
1150457253
623481886
1467500098
996256347
414779781
1316405044
673085787
1900445697
437603164
1428784226
480144848
97121433
580391880
580318146
1022258616
2078329530
852697992
42996683
1309499216
1054453691
1353982423
560615439
1234852083
2116947780
588911223
94729428
400459437
1069493962
682670533
1461364332
811032865
1693816207
405768533
559312941
1364844580
2010072754
1894457749
62599876
698030308
642627530
376023009
1973822511
1948722604
1695437955
446130970
850141986
602968703
1577414549
671750555
242843624
1683043780
209444333
297877593
1570843705
1238235223
390563549
1280605643
40063939
1460160169
1836678362
946342347
1792768895
1068314122
472141196
412567864
1005275739
170482586
1595166368
822722749
1868431081
1915298717
770759750
1085870337
880960830
874300832
1059253918
524709624
853640030
2068277894
1488832892
763468867
1227790573
95843442
1224366398
2123263819
1052315519
2078607906
867320442
51114690
1174180917
1540631070
1773246589
1996023607
1579118544
1458218808
2098269381
1421002091
1683961220
1295736039
151230687
106297224
192019089
1654756163
927196833
1133179497
1252801353
134584800
1785199490
1446004700
1725937458
604255722
1686492533
972204033
397608512
1774688307
1433175194
321643228
53195484
1267587701
940411383
1169306696
56455846
1274616325
1374158868
957221106
640267306
1620300432
831087489
549622478
1207080446
1295793969
704747532
87725867
375899253
1930952971
1532791114
16757480
582578329
1529465096
1014959708
130545124
413952655
778976330
242891871
1453237435
862388544
585535694
925345037
1071115771
1455908075
496955313
2145553875
1814617626
1901937512
1791326450
663606711
2136583524
1527687473
2073283027
400639392
259587387
551514780
252534089
1349034528
977356811
385074360
1273133487
1049554112
1913389123
2090176197
1882235492
1548840452
1355072145
1959569051
1819254326
1652568283
5894661
535121337
439822440
2043620240
1241634910
2063239323
223026985
381314270
1246255148
949791476
658249044
200636829
1098879765
1124430190
1751431688
967232457
70882902
375039029
719886489
822952831
2113154951
1293164384
1103614898
1754004220
1444095080
446998745
1698052023
193952008
1287880260
561746940
671685249
2146848127
1832599473
882288154
2125524031
961129414
387507593
1120735326
443091198
748740151
371688624
1542170994
1895244396
1471382830
1631695836
822084511
1861868633
1874844957
1372660597
1893130864
611325654
820527680
45756435
695868371
92616495
1733342714
281936485
1066044710
35877006
2126105620
661689822
1674989944
35704975
1691563619
590967178
1996572086
1771764525
640980108
2126769274
1447085305
822272952
1832230799
2011006311
1339104619
836272995
25776946
1691948642
1190712390
688462793
773496025
1167390545
615634554
525479321
1175483613
1554886240
1735161251
1608117513
818962944
1503497033
1700902836
1665700244
613307986
133502248
1435125591
1134899578
904120065
1382219911
56783239
1459110942
1296703405
899475316
665138509
1215191685
859496917
285574133
1898267606
1079243431
292692870
1459201038
45224005
1333329280
912737438
1616204460
1979524871
2144816429
668472612
471617249
2147470594
1824144964
1305435952
1405632714
533499083
1107079931
1643983610
1031286385
1333288053
1573080781
922412532
16520172
481218494
1240857319
663270554
1973585584
1812414226
1121530319
231456476
1835138683
164133588
963111547
2091495349
1718588787
2092486565
1526900764
1046883705
2080608033
1126207491
901416606
164993779
1523730932
1731367956
450677242
1817378677
1713075516
2003870807
478539682
1838907058
1327225906
828285556
228949647
1393074213
1362199068
2121952596
712644938
218127923
846831946
1177146655
1560858175
496422573
149691345
274883423
299590373
1763482204
1585466816
1586744787
11777014
622196307
17412672
512912856
2017725198
469223612
1665249293
526707753
233512637
1291263915
2146364595
907789636
2097565286
2095771530
1884578613
1864350844
395650294
71448356
1871551723
1307704984
1034522308
1766734371
327614710
144030694
192968947
1982408029
763149833
1551044357
89585184
1597951048
1456162236
2048739684
1783830824
1400569856
671316863
1913995624
843792692
1439172168
376407535
2072496134
1254234435
1531193536
1540810835
989792633
51826846
2138967286
1511344540
1792571729
606156715
505834924
964897288
1006545011
1737708572
1525999973
1221991239
1828093795
1458701669
1210465201
1524222274
1224268647
1975838308
1286266635
1775966842
179976473
1337973787
1870601435
602009668
2048018871
1818410949
920839498
499715683
822223539
325484759
1567674051
2031741612
950766364
328048693
1387045141
1441834570
902358644
1417062344
540922755
1100812834
256048259
824034012
1225882323
419539650
30962203
226246328
1708201492
260267078
1148303287
2053867948
1423345438
1012412307
1554935653
1663930593
997927095
1849286132
1273313323
414788470
654652628
329105484
737572900
1696511693
1401397331
1452541248
1937203362
1536714829
186333389
2115702220
1381917062
862060731
109851989
701651464
758726375
66564118
1061899434
1313430952
785382701
610416513
861036721
852779312
2044774920
2109353554
385991917
1613034440
540783574
886679339
1653453177
139156414
1978279452
112792910
1286618953
45371727
1850801580
661959542
2050412084
837117408
1183249038
535645152
398746570
1987584630
1011689539
1493781767
1874656172
1866242862
1333279595
1924212389
1335942068
1329412904
564942266
1989485187
1322687169
1711936018
1024542987
1377084943
221919526
635122117
1504382388
683924700
1982677517
1401014176
1916905058
939699239
335700005
146914534
1689333913
1888183459
1004662728
250567365
890650938
1153274001
1477250081
2081646626
677977180
11736197
31929809
933872542
924418862
1334090680
733028237
2100447503
918274694
428699085
1243061846
1889756385
1315699241
2139024187
737337274
2013037495
29210097
1263230726
1758837912
640217703
1774676
1300691415
108417573
1295227232
750721259
1438163436
679377960
27948541
1651250747
1556777117
1157386404
538899526
1931257669
743913486
943287394
665523191
1059597173
625611031
1312012910
531000313
2102118696
1312594520
2145684353
339279964
1713451591
90910978
820094090
592336677
485910682
1595263865
1082545386
235248232
1044564525
29906343
529574880
301475210
396452819
1327536982
2081990767
1754619119
1593682567
1411072096
1662228332
2046659970
689134994
972230006
1215036653
749148193
830563592
1338235722
1552508932
458641369
1247960822
295388429
699931937
553538659
1592642160
963874284
2080239453
437022380
1175761590
626946556
1663235974
436055384
1527123872
1851669238
640561794
1940858626
1323555405
792476562
1000992518
1103222131
1816754426
803322706
1888420923
226015693
777738989
17200560
1190744644
1031563714
251329092
713039422
2123180594
957459921
447827575
935551749
930472882
1137211151
884162676
2007024487
1900553602
1767349660
797686619
1952178315
954100750
2086529164
814400601
652800572
2061545016
1139513138
657396725
643216013
977464991
880328869
1839806839
1088058431
1585375895
576788104
1114511006
141982854
983182954
1822537808
1997636579
1142730983
1285298279
621056505
767473987
679353472
1047964297
731111059
969051330
1978573039
1583958891
154450992
330065573
112579516
1019881921
95686840
759208013
1218575791
961236059
1516187470
753957346
269894916
1764277306
180846548
447492031
271959334
560329842
1788714887
314304421
359940180
1110742805
1693258191
182648768
134642981
1013036
1540697841
775781144
1322687472
491391085
1690718702
1144615187
1508494533
456945168
1501752494
415788517
595744428
299189499
35641135
128905886
492193891
692329585
2014612770
623972358
1919051610
1666791008
1775197429
1457464292
216439258
363790481
2015948055
1664964222
1511288659
1436033247
1172631715
1955283395
1511608145
811926828
1661359693
1880270175
1850571549
1108703047
744159496
587544150
852658054
978415364
1275435344
1569155295
2029145515
1952530744
1025017922
1111783198
2098604109
183353267
2100250703
919880630
1746623870
2032299076
1113888515
296322254
421432438
712965911
814327267
105272106
1769126942
1290525060
1443816289
1280948521
1634309144
1038354582
880722188
89886761
356974642
187293278
1442693258
1930118780
1408345737
807912798
1592814476
382559153
339394886
2062552973
403492210
577361900
2102454486
614920480
421915811
1630614710
241531884
589059735
617558337
723500687
833938470
165624909
2062929766
2033609888
1257570157
1009854890
419016036
1616795075
842164141
899342394
1541181053
1545103803
611217866
340771305
189505260
1523339115
1567918302
1560381610
2101102736
551843145
683965802
730644028
1970274497
1585597233
2050559882
993119877
1121089381
1659189074
1928947520
1015261502
1003982440
2093869426
830645315
767965188
1909703702
951340412
1543776716
768989212
947776951
78352743
1077417461
1435156571
1792065283
834896919
1324931884
1264533130
1929373482
2054115256
146316640
137436649
1827035455
1754783054
1357825333
1957626227
1583532991
523545297
1403799108
571283428
1071016511
1955651965
1003589182
1920903057
1955815776
1297733806
680820077
494127241
1458152211
1409950192
337199589
860128952
1118598995
794516132
1577641995
1041762331
761838446
1399145836
43717777
1373784041
1962140414
1700524885
1857091775
990211348
218725148
1291156195
323650909
1622775457
317736171
664170893
276907674
1355376340
1603815814
1320958108
1759813317
1483984466
115724487
1113126010
1793621195
1295653657
1172165624
1376150563
2056637616
38122594
731078072
34706490
1581123602
2031718196
756513574
760871784
1652233290
82662105
1376551994
1614697992
727956820
2058538123
358024046
596235696
389628163
716455048
1103099778
1172394913
1467244852
472230499
755096391
1804656088
1479274082
1501818829
49435811
710630409
1416897063
1203327468
1259863362
1274420643
495373267
2000535915
1584367672
176823506
434311098
289064800
1096333058
513337538
1090975578
877470224
1626011316
1001082315
1802239242
1677832803
2142112202
588338548
1069427160
1850538026
319448418
1790754005
1804230119
449506468
1031719696
1050134759
1477561953
1448386596
1948754518
77804241
1337244097
360784886
1663104345
894419763
1516170274
128233945
2054130704
1048414210
1961116261
1929995658
2098547600
950357536
1095751625
1591134288
1002204475
319063427
1901086679
1778752652
1876212061
178011158
1216069366
500755286
1201680686
580678668
1830181766
1720700959
1063971323
389956015
1619916319
1744662895
250534013
1328830880
705469592
678239993
2095032906
567039833
168574106
1955045904
783579171
798456079
1834335183
204143281
1131034101
997666280
1726558326
387563960
531884305
1582024936
1170764651
1661932971
836077425
1280940799
1968784383
1659696197
1633966029
1078400747
457141649
303178915
1654486060
1009322648
42120241
137870979
84464572
218946489
1848334494
152862628
1846024370
211155499
1548978832
616059517
1184125009
1069631751
696368967
1081562800
1203261809
521538012
344351309
1886430907
717429774
81236505
564361068
2084195061
1051388005
1338611974
1747033841
1516596407
505579761
608195219
902259476
603641134
883450492
2062855202
1175417047
1350952540
939978460
384557104
268895963
2091313787
1873336693
468692273
881525333
1106040588
238188753
2128595003
967970647
1954636394
14620210
1188728874
1208606457
1582196925
1388086351
1043351748
1555941960
1513327814
1064946063
212310623
1099650935
2143127875
964415099
1511222546
922141175
1979212537
846857593
1286118316
960507464
1178874185
1783946585
1401136269
1046645100
1215709049
9443200
1354229671
1436730032
842499365
1844116222
735616204
127922314
1983684906
1281964912
1695986231
1056778719
342213447
976129286
85848631
804387035
1964573234
1588349319
1918666096
1333270613
28210819
606638855
1113748813
602535129
1822014376
93926059
1613985536
1180930391
2009522419
97317627
1143526160
1900095098
2105682622
1654781341
1509895872
510904626
2004222007
1721078228
205904646
508365070
1292614223
686538669
1843239578
1059498095
355926651
624947827
779213119
1619457993
2031619658
585749949
1685623597
966864631
670273705
1824742303
142171929
1490317239
118919282
812844823
236591484
977530148
1182921190
692272676
1436017407
1898219084
2138556446
40047881
1049668092
687046529
1523281336
517409187
504940908
1564084815
691232325
1352435690
359957004
1883907891
2144667820
471108462
1948230500
446475744
1753235453
1141994351
187808846
1822907175
1743171686
17610383
1954210814
937721954
1490292563
967355951
553883268
776714690
2005123081
1847015836
100340343
1851177435
869262431
2145994872
1707979358
1233706525
65377392
547051266
77632313
1361397438
71996374
2055097824
857916604
1841470045
924565691
421875332
1725321591
518048069
128872457
1207201884
567006816
100586064
791656576
1823234845
739720100
915292474
1607444600
198081654
722951343
845145575
329982992
1839086117
1120974187
1012943839
2146961464
1900709512
1264393375
2097433287
111047003
487566025
498412158
564074068
1645884886
1610659791
289072885
2123163998
638652866
262715515
1509477933
864330833
458804366
1581984157
934117498
781826369
842712544
1635866203
1242471890
771897823
285910740
1624430348
1985462665
231258664
304383430
144760643
1212620706
850142537
1074026476
2079337496
1169052228
1449329033
427658896
51180771
1747058638
1272478775
76968806
172899775
1309186554
1915749826
1512066515
196861000
505080302
1620825955
299410978
1661752566
1366648463
165379617
1270053961
1647662542
760150706
1131230353
997985408
1510993394
1365985641
1256723181
803862511
744895596
1353353382
643341910
272042041
341298247
1256125135
1780609584
938610656
1867454299
459744114
1879029738
768210398
179196599
1687633038
2030666000
231372241
1661590290
386518807
1547158568
1797845770
1953582163
2083243017
1465667455
1765069079
1787433647
2013007833
1161993572
92052820
402419670
631733643
170037774
1568654674
1074444325
958750986
1951648867
323431287
1170808312
683143301
2053907032
364129665
230585739
753374417
1416522838
548771981
433856996
1549059181
1115404866
724226833
2010329064
960651646
858770194
679530685
2029715653
19257701
1127619446
1361021276
2053726767
1630378346
951214328
1901660437
1519633119
1602725834
1802826553
1130183443
1793634983
2010124162
1677802581
1568400684
2036359479
1818506301
411885782
1420102904
2053341758
2063524513
604822611
1658133174
909274710
366906810
200143755
604175464
311012067
957555064
578419221
1839453647
2104829211
1817998380
1420233942
385789580
1578190435
311667424
41007618
584161954
1892591802
1071933328
1197530903
1012859943
1983245900
21567795
1624545448
892562767
837872012
1286624463
1231802857
951902270
2081014922
349105226
1071252
1731198891
1228231088
702640484
248591959
1412148387
1345210535
1100421406
1297708496
703992184
1837659399
1588430397
1285305356
2095154288
1469861645
2026963008
431104292
1128725456
1843631483
1861047925
1054533186
1947946114
1801343943
1569219857
1926031959
1108466317
661471181
391188464
11491342
140415229
1657223780
459949006
150384720
394719023
1628338597
1283052757
277383205
805222224
852142692
191116235
444523213
1994837589
1599211495
1637120290
1590675063
204305558
1858713204
1630140820
1676843853
904498473
474137730
2077377299
1423977509
2341093
727339932
1695432136
2008543088
1977453845
1158831578
640990973
732476257
367275310
1006978255
206378118
2058256997
525682585
1042474734
1170423055
1411075286
1466609575
2094318618
1523687967
1950231790
1195409297
1231049137
902933762
1099463003
1267372895
684281887
1638070645
690639357
2093016088
719630909
1111300839
118693832
429089096
1106327853
1982705393
692367769
1493410272
1505370460
1272394545
1540858672
33946351
1726750215
633847084
1071376180
1131797382
993371073
1373014307
1934224319
459236263
1311225566
2026012731
1039271176
2137278366
2037866892
1954958458
1842509100
1706294450
913485681
1210659117
554514443
1360373778
1359661058
1011287374
1623185845
1947241755
292333671
243201907
752465353
1372571871
252196379
626015300
970162374
146223521
1849112366
287508537
1020356043
1444499207
1125259827
2070717007
464659095
919850997
1908975842
652599246
317508551
565491864
1445736193
678203714
1956179382
1591551983
1808257781
782505879
1724309490
489604123
223253622
486827068
687387076
2081686825
1343342895
2107655395
573037412
2117142389
839838536
2055676864
1971063860
971964582
1235521769
558798878
557971477
605297984
1659526079
457777695
1397139984
1660197795
50338395
691966050
2009271964
411279842
501597316
1398401595
56678914
448856995
238688094
731656952
694857742
2125957075
570448742
19601484
1981566838
119193200
1103034581
1815156061
4987170
312961993
1508065420
885910973
892259423
773347179
1365362708
453984889
643530540
451863447
56179238
677081562
875384238
917540660
1648204729
1738841632
205534667
1569178634
1681513908
657522366
1919437819
331786837
713224982
269371803
1270247969
2071413480
13408622
1147600324
970014837
265533047
866347526
1208504750
1189175111
2077246070
451707723
999391798
1525490501
1320146695
718058342
1516659660
2014446009
345124158
988775234
2057306894
441115645
197718641
1710693451
159158466
2145691172
784873227
278620511
1860319014
1407601186
494789813
1173175332
832989292
2132428501
1039795253
1259213534
477488550
982967109
787388218
978207643
163844125
1019667738
833808493
905735203
537074140
1309939700
1460276970
1691925817
1067533892
533268015
332204581
1483309440
1185365838
1858508588
1136130651
787765019
92077196
490562765
2051163057
80248126
1305629742
609631658
808274384
1261752629
872525315
1318229136
622853915
638794774
2087970421
24755070
352423686
2065817898
1550493286
1027245878
1587913897
1816335950
229717950
1243664434
595425646
1089280762
158511978
608181849
1915815979
787010804
2127971528
1172152316
1027770209
1861694675
1536369076
573831188
1327437110
795661638
12466834
1027270423
623820545
1963077421
1275803193
633208713
1727110343
118947119
1303730057
318384324
1429761799
1265447215
1724480650
862628142
1078884874
1979133874
1379477631
1784403
919481476
1793101995
208082476
2129519776
1983007871
1636948959
338251385
1304582035
1349577251
94855155
1023043246
213423852
1765765993
1036986260
423068522
346164988
147559060
1582851129
1662949756
738013593
71671328
1040409701
55097632
1515094055
930589979
640539715
761370383
2094147234
900788161
833194968
1106320256
1730846040
1619901183
649460929
939191694
1889340137
797070838
1302927325
327526897
1620859624
632750017
35518565
1085381321
1789047002
66197903
1403709911
776492087
1212854837
2071871745
535340439
1036461895
1147895534
1053213760
908053656
373320904
2005781767
101981336
1383483643
1147780839
1598137809
1672894759
797930781
1178295464
2007633209
1660876904
1075346063
1629502392
1732066725
1951428298
1087560265
495781648
1941211434
1175297170
1312707745
1917765866
213956197
2063884705
16235090
1878635857
1197751757
1531634147
196079875
874974858
1431736315
2061254765
2142921992
1179794656
428507960
603126080
1318425638
176320567
974454946
1658845288
330934529
251475012
330688782
914426943
507241723
1211085551
311789652
965428042
830335932
29342589
2048098519
511878213
1122015271
1405315337
20421628
869943574
271551202
1084521066
1574692619
178163788
1793126451
678212280
191713722
1173806895
1529602545
881790548
1132910939
1003036951
1301550922
699765611
70876888
31857413
1170931503
1667914127
1950789280
1598596527
374762686
176984164
250409990
127212927
1281971842
657006021
1783984312
965182312
1256861701
490268616
779383941
652229650
382192693
1011893922
860531129
1618696840
2099996632
1282037406
981713014
1677762293
323324338
458850734
1864701405
1233990517
611245719
1844844300
657276375
1137482038
261494125
1512104156
748050026
980205713
879873905
660266072
2068774986
1029776998
1704926869
364039871
1759794153
6478701
455311410
610484081
1278719779
1319179701
1535606930
2054373732
584587715
444531044
217315311
1789637044
775443736
2045575885
607067919
450552312
316901824
2107876998
616325018
1779282218
227128995
1768444482
1482515318
1405143275
80551907
1806700703
937733335
295078561
673420059
1353616279
1191640124
1443892524
994115709
1755411356
1615068030
1503756958
1882295153
1075583836
1622113263
1430441472
674894712
1394829408
1630681718
706556248
559757850
1459400119
1563674232
100253362
729215034
1490969491
268634958
2099619434
180146670
656620657
1826977718
1698668140
48650677
1952337673
1593386393
1562895939
1422626723
1262080085
1608590479
401575041
1160724032
1880394597
1223332760
783439297
2019631890
1452248571
713683453
30276280
1354410956
330434762
1726832021
1081809664
159994615
856713361
200077421
1699348171
2078302307
120356008
724758710
26728978
881823497
1017571104
911060421
1106926194
2022408963
83656565
1147994087
1943914577
323184846
31824488
498501179
495584794
628743913
1742617677
1632017105
751662933
58939419
2126849373
467525700
279890740
1120237925
1638791692
538827708
848415027
664730684
142816039
581335298
1444056503
1903528659
1982975382
352685740
119348407
2064179365
1102551577
1627724458
1941055490
905113154
133438532
1554982683
1486095137
837446237
1425813317
864503870
1653528884
2051408379
551050085
2061746526
1893567328
1739734028
323602679
629063361
858220773
1000743013
466771991
367128105
207533974
586348859
892399353
95018595
1230443162
1041982933
1273016366
1172839975
1290106666
1472007277
1862169902
1828026151
1808527384
1855542602
525083801
1023411927
336891843
10206028
741603307
1236882017
2099824368
2015994864
516162845
226776669
2125964649
841730507
122870963
2015896521
1467108496
1858311463
298420772
1259876597
2030961377
526632083
1465781420
9870178
949887850
133471232
660061345
754849545
2132395232
2012220426
1193229539
1168457305
543202400
649165491
850390701
1032257924
66961400
1249982086
807496744
1378987578
1162279245
63307721
2017698894
1503823276
938290146
1210455081
690107698
92453267
1908461009
167810577
1522149035
1736530835
905103841
438994492
1118035637
1514866268
700626389
1035370927
1955506324
984164018
2088034415
595304292
2021975195
1178081816
516342500
1703664040
487358767
17030439
2125185678
1629470008
234705370
1918365311
1015513262
2123432635
1275916320
1418422437
1043800601
1339659243
1020068094
946529369
1572512142
138228747
822431026
984753801
1287663870
1714280978
994584328
1220220155
697423315
179894011
1526269626
466904976
814738634
1644158393
1828147377
1283280954
731338719
531252194
748589270
870256534
1955023053
1123860140
1009967203
1572438507
244871884
509223439
516563612
1971636697
928156429
2019894330
1808398249
389974878
2031060335
920603326
865202163
472907861
1846866546
57147137
121256796
810855474
1002219482
1758573751
639793733
902416800
493543685
540048479
224456977
376130073
1396969270
342812698
999679969
1012269090
1017757916
1936076560
2143044554
141382677
261239787
1191992182
1453320933
216101018
395766762
772551281
1907191251
645413624
1932144555
1570259226
2114740878
985630266
174790381
651999828
1697118638
315207232
1462692772
2068367301
1524508241
1297060317
1658175047
638524060
2059552343
1323414135
665819960
766021937
1669537562
85490050
848694792
739446963
865914685
1495057849
956261466
1595229107
530907917
2112774471
67369130
668801904
1598071790
1317098030
906218156
1921207852
1427949997
1008918675
1162172919
2022573116
308383447
89946603
1686845500
639990428
1184668197
339011721
414385164
1434151352
1219662964
2014913744
979388073
1177205475
1216435272
839896772
1269847933
1828139066
1295847923
1622899818
2015175887
707122935
858148852
1009221876
775082726
921733669
1652710997
1314632322
1353051262
1813622981
1045037716
1004717885
1699993996
241095356
281586731
1546117314
1974896977
1272518462
1935847307
1260697551
1710774551
1169537349
1327379438
682038358
1708169506
1745876219
1646542544
1403039573
1721809494
1184373359
1758819373
1054229039
16604167
1298985360
1094720577
1783519052
556203044
728282731
1193466410
1527981594
1852568417
840126239
1644322575
2034607176
1305489630
1472793286
1845687053
767004856
2142134974
1414351198
1135484603
1590780873
1979869979
207434052
566992080
2048517892
878930300
1049600912
1168627850
1344679179
1204714208
563723446
569359583
1056818125
1941950093
2055645109
1472883454
1517299524
1709963475
54246913
1860440996
2039055561
553786434
259486261
1395166828
1832095862
1124523587
1781929843
873572697
942630246
1317057481
651295640
887327144
1418619330
1102224636
1490863506
1986988833
1485907392
1077992723
2109137122
1131257402
1229624349
671569244
2094711174
875415921
1313444630
2036605956
538566008
1818898697
1743108737
1218500037
1961085316
1523460009
807808332
672675186
1958324691
597180146
1507599543
300035214
1768453125
743452990
1260017269
1197947414
35864401
363735261
46350262
834055363
1835397149
335408772
740807006
2113118344
267588232
122665523
660093479
178075421
2023654684
1064387314
249254751
1495647395
1122008943
820374901
1170339920
155718873
1360751754
1350143464
2085740994
686519667
1155930495
1391562603
1016815873
851029794
1127759526
2033861787
2062452556
1068286478
528646689
1835921609
1736211161
1006487131
1842933886
2142822943
1452935997
278654259
1905904691
2121835478
1345654148
1987873742
1223341406
1792841579
718280553
2014643625
1750676965
670325321
531341846
467986010
201667013
1484547516
1410492883
709588874
1728715467
2137850543
678499762
18218198
1803720257
143365453
1731418868
191542947
387795671
171251705
1659436836
1230369924
744419725
1774760987
622622927
1659666232
1959315741
315584281
528597590
1966958820
228806776
704681950
921930540
1211004366
1284157803
638565356
531284559
1362349269
875997649
892274887
1482098109
485613852
777065407
727152313
851398479
1170274353
1413294542
209850737
507790257
2030068981
1354108225
893200581
577118111
828460186
836258854
285920500
2104975496
1054040876
185882347
1351134856
1840149423
1286230696
1313370188
675665473
1933241662
1366159209
1678604808
1248654441
1053139139
1171823572
1614077496
1882418748
978117699
348408523
1219851940
2096104163
1215624802
1245213743
565092281
284610284
1537557951
629341086
1394355458
1075519032
1909526514
288648976
31711173
231052258
95607701
2124153014
742445674
942573056
1609417181
1383566407
494682956
187725057
290475875
2029438661
1572529038
1903890252
1519469737
1347178103
1540007409
1945726407
1128037635
139720210
1090461374
1877422501
2023004
1715771393
1835823914
968050676
2006444496
1472457092
481313532
1699437316
458507525
989684911
1236383718
883993321
1951746572
395225556
697948100
1379429477
1012408839
64863676
1636892658
2120441857
1411295869
393193735
1907306438
234042264
1062428991
1055735937
950666974
990414205
958351210
1722267858
1479411289
69417563
1082375929
175911942
496108520
490201928
1637228308
846908664
1043308716
1520731175
931006970
807333531
321809832
1232033769
591568325
200349048
294440704
825896885
192894445
281882201
50904464
730060056
222352348
708523174
1814287037
1526932893
197031198
1466313156
677172991
2071381459
8920622
909904020
1519739967
6913733
848292924
316255340
1036518270
1318015032
1696480166
398248197
1814385310
1910517596
205173380
1911967560
946284199
439887099
206860951
1293718489
1626717744
1959889430
439313640
801116424
754627127
902654748
438985976
935880986
1386884222
831672132
104937622
1616600704
293113763
284921381
1206892849
375384192
1508222778
799412550
1801344447
1067614528
944711339
856919540
1093165007
1578262773
1942662435
838684432
98147124
1151212140
1880141538
1569702780
1765898162
1535722877
1435716455
1120369715
1096990615
679351944
291106735
28557125
1204345150
774222034
1132944766
494912387
29998900
1760286696
1005626612
1002120382
649083319
707032364
1698282037
1871933599
1428048403
1447471435
853061079
1619328917
323669080
475112259
1401269399
2113364709
1780479241
1286697895
1895665636
486613530
523730986
1414835060
1708112622
880184151
877800305
1462290446
2102338153
1068621975
2120950092
1005151424
599489687
2129084874
1449986368
1273623748
758649355
987719148
840355104
637950257
326372428
2048410913
1998579749
812543827
2011465945
1434913465
1143429913
2113454791
2055800246
527679538
303074643
1576714937
479921117
1795486787
462931152
1804096705
1205557393
1262433396
557440629
299298459
558931485
1565114907
620698541
1861906856
1432111631
1085366242
1277637491
1596620926
1855173061
816148477
1991444970
803696826
1218926585
418711466
966862590
1325715553
566419111
542277431
1081556753
518406542
2138128408
1900850725
1884688191
553017244
1481918271
1198110726
1457826196
493773341
11993029
48496022
2064630905
1914907988
1405725886
1172863632
1126382682
1195849787
2060748203
2131894381
678426606
1069072442
654735492
843214278
810463179
1037877846
8879884
268554124
1272853584
873188250
119552178
1634279164
2072380435
190346446
1707129434
947775457
1782945243
1210521474
51248298
793940219
841018761
996574411
409274325
903449192
848891179
1464486136
1568391880
1603797036
113121547
1195653361
1135811594
1187158395
782938385
1500194512
1965664917
18382501
1135033370
1477339056
339651456
1605320812
276164534
379545947
657766640
945137555
1715165692
483861278
895322769
1884311453
958523119
1053139220
896305855
1387531623
747459416
1513039354
891366135
908618239
2094867210
1864462584
273649557
466863119
1048715616
1322537264
198038569
1866829984
36797912
1551606673
582573394
1340706820
1486882638
1273492489
2053334412
656865481
1759139637
461931642
1569284732
608607152
1445603795
1624186678
538460133
111147361
