532242365
1835740527
847409802
385308415
280809654
111904417
1075527697
1143014445
1999697725
688711964
344986755
1295781160
400447434
1248627321
1164428657
706537990
2124889789
401643498
1837886871
2108652977
511762079
1572904417
1762519343
1381700217
746646696
2055371434
1855729335
1370165632
708438546
1840410013
95962504
1498470755
1314721390
843248251
440195589
441981541
34144822
1739073431
803286945
1180681758
381736578
564879848
888353968
1446221428
145033453
149342380
278892755
1571528166
817017087
1436653039
1688642807
1235028425
137218168
1979676071
648374012
1300532702
2039953866
1954886874
1684874252
124700428
471358588
1222314175
927020836
2056207081
1811426207
1605164996
1274973076
1475467163
1455937197
862171912
81102008
870069165
2012362625
1454823107
818360498
1573494199
1412453454
2093300922
1676911472
2026485834
352179323
796159987
984840762
1693344866
1016413210
938735484
1657479770
490839506
107677432
829485542
1614192812
628303336
2020554995
2112454004
1722115640
71353566
1700144585
1714366095
98534783
1123025488
1329336221
956594605
1490966647
1968174565
1923756545
1534991317
2001893375
385799763
1195935719
1900851710
847983161
1236109593
2017327240
1982740118
1284213811
968538371
1778625209
686745684
1954460869
71894261
1914548896
503733958
467426077
1783212684
1113965228
51594202
496885073
336876763
199199501
1445762808
1216432212
1856925307
1969337782
1934160786
1033420100
1570168181
1499191743
70534352
1516247685
1893118003
404084989
1059274699
1294896583
1258900451
659269542
1507055932
820293643
1039990028
2064120822
2108177753
1402131297
1458361887
488676819
532373327
1251002980
2047916773
327881354
1741416136
289607750
504160009
701704404
1800120899
1391989744
494623857
1850994520
1355190731
1663705658
1042939704
724380223
422402111
1325027309
1097695354
1460295187
2034989137
1315082105
1096876157
938407630
2085928309
1198736990
1268140731
535142091
837267670
1568971964
113854450
1596923412
119588381
571122484
1324273580
169823069
1912565947
426694699
1094008956
752217477
1244089204
516693912
1580539757
1232554030
909473647
215109001
817000942
1182975970
1239124155
722397807
1343639921
144230896
606561611
440703785
744942871
462658273
842543947
1917294
524574256
1393054333
1027013710
901838011
240914215
2031286383
631792853
176392962
890975386
1938878995
114788180
1341787774
1019837760
561078522
1593286523
1878879856
1808902751
1696523406
1222150475
713091861
1534008058
80282961
1422742868
2071493346
1650402244
902018136
927758034
733768220
459463362
1740891745
1202505224
1447712742
1057717924
459479761
1418384700
1561533611
1278627214
1286802697
648914710
1671520794
1431737578
1262504701
1374933069
831975464
1340902958
214256902
831844432
982088513
1956640084
1552768349
1239812151
1088356618
418257203
540467691
1083015506
694577286
1055407882
2041411659
1630970064
1530649309
1133314659
1404260929
1535367798
1932964558
434231320
1370738761
231574582
131745318
1468241535
406444486
1879060995
1137869265
1935946087
777595997
1344328231
1376751624
168036366
355194656
244534424
1796040961
1296568132
164629470
835728350
773172250
507616334
104039459
1936322936
1192871176
1506532313
510237819
691252005
1310657545
927954263
1384910999
2066430261
1908143013
1225067291
912864374
1530616100
1157826336
909292564
1547361821
931034454
1287179922
1442781138
1393758526
26117025
404265512
419158730
151718712
1420793496
2074966421
2069444960
359798600
1799907702
1545231963
248663184
1975875463
79333118
609314327
86804331
343627315
873002563
588718428
201494094
1750116894
1457198217
1135542778
147049110
1164199729
726395165
1290440381
235211858
1414452756
682486519
1825599115
469572006
1298812721
1477368402
1391415474
974305394
713451749
1603919358
1289490107
13222562
1090290321
1952183861
60981708
844787765
1031012097
1086636727
1595055462
756100968
1397051711
251874685
365107011
1715741892
1228917695
541778632
1359696776
1133216015
1163266002
748121616
2050848949
1496898481
2110455619
479698438
1811589487
600613211
67076451
1109622975
1799727577
1878781277
1512118409
1522063379
174721217
1519966260
1132184022
2080964281
984447004
897464268
1566203880
1877814616
202870433
1879438013
1066204470
1559158355
1027686275
2146516279
1271318785
1483266722
479944279
504339678
751185428
189516185
847605842
695839649
1833430940
602677553
1199228324
95848297
1084686916
1597464020
1331957123
1187087401
783510619
698461003
1376571623
1153746472
1614488266
58245514
1455887412
518937627
1870294412
571039998
1980200186
1015578229
1679795937
190957983
1530910783
1343050508
1409061117
1011629902
463607974
2029747198
651929054
1325812737
1378636068
1860906466
420583960
1529550881
2059024822
359536224
1671536814
1361482294
1270073506
551461836
1321881042
1186383274
2067183657
75974565
1726686669
256396398
33309403
410737491
738930466
411999140
45023621
2046360275
1330875519
32522973
1560141779
1159677488
1714021657
869069051
1211206409
1419007913
561422921
1071758496
156584468
409230119
700803713
1565040141
760589853
1027260018
2113109690
2105933518
295228118
1161954835
959740512
925447293
1402212545
356652567
332664972
1955313618
1177748841
1495472761
135023447
1894790060
791997545
433576630
64962749
1987278096
787426699
1125580913
609429300
1997386855
1427002978
1871817980
2108440257
1197261869
1956181994
303976813
1574575789
1120108980
1312886073
610985747
793603127
1165559301
1628512877
1334152194
1993061698
587931777
2045557350
930166010
1548722115
1843097173
929215731
1948383155
88032941
1968699075
795520254
704522856
100648552
844935622
1753590558
591700191
1806460977
593354946
951237395
1406341233
1244039557
701508213
530504758
438475146
2124561683
432233074
827273981
1731536006
1600593107
1951414245
876590986
126010420
602710106
920499558
2123758889
203673502
1437832717
130499705
1682335736
1388777731
1786784069
1951348616
2064627911
1018707825
901576309
1737696345
1102561916
2123185478
1775266331
1703011916
1513871862
361879135
1259047109
1609489470
2087960480
1746873289
251825370
44499326
1041038805
1900966549
1188971778
1636147815
389764319
1091175136
1466635392
950369097
1037991473
121029828
902723133
1720477050
245075308
981416326
1369018976
1362186955
1913254386
1589812543
1413109700
787688179
462266253
1670277007
1193837354
18842909
1236225452
100139505
1095566657
1656776402
675671123
1033386382
1102546351
1535762320
1272729543
1803005804
1935996799
2081601551
199757814
265571274
804203504
557983069
439131660
2360325
1779543600
812151882
756836664
1419727035
560686413
2127837950
70533151
247794414
2049981981
413015217
1556437237
1158562109
942210076
589932318
992526099
1441829327
119817060
250858160
27149789
1986441763
1131923249
1856236267
1554241771
104546930
41043513
1272795021
1639245285
1509563816
1541316492
2077556615
1547114595
1977840054
546972866
407493653
1980789326
807859269
1478990914
1348981762
1551767574
2052177467
285447535
1705681350
741140545
1057422185
46515892
145444056
1973301737
1231506719
1236192726
1499503896
1867934677
1275840654
953597023
1674307392
2095118445
1604147979
1987310315
540009655
1742218052
193580821
2093267040
494459348
88998398
385782351
912192234
177933869
1419776026
2019671258
1968746980
1655989769
1150238768
1171685652
75989061
1343526103
1340721965
360649147
329570146
468410157
118850515
1945630513
1654367836
1891791882
2008347492
1172324656
1802940324
1816307857
622272962
1455968784
142281895
1552996431
1467208595
859715551
1496112589
2005398370
1010235600
751298593
349868082
1124550633
1531404200
1742660401
1825957927
1074808034
1093338585
625222076
948649074
1359205880
1123452426
1787768435
1294059996
180735547
1500536206
1324223471
490362937
925626914
1352357265
1740612277
296555680
224086100
1313885023
1134610098
1833740383
602056439
315692999
73892223
572450564
1521459125
1119487911
881635730
1175323434
799107719
1520099250
739846452
536517322
1268354729
189320826
1839540374
1632658532
1780903710
1082344890
1308887869
855078857
635986135
1809559268
669541032
1109215065
480172504
1232243770
1899787382
1988260814
450404244
1098679346
650634132
267913899
1886909729
187616886
503077029
70975841
3687779
991231561
390795797
1371329763
786803642
337170810
120144461
1100727539
1385175033
367579268
507468625
491411518
335729014
774450012
1940436689
248859566
18433125
335876474
780364547
653042541
1689805117
217172343
673017242
1138099806
733539889
481138983
2051571653
634904664
736767614
435575905
1759046979
26559542
1174044761
1379309457
237538191
2073886260
1987769297
199953990
943226262
1209814451
480811288
1658775407
2108438558
954858843
2023898391
1440714851
685436263
1824401664
1966174451
1600625317
1608587810
1644931022
715927398
77316432
1730257642
205982091
1394317014
810071430
449027853
393482916
114836233
1685741992
715501430
142331304
1422528798
766224510
438017985
1597872870
1789161343
820835633
508877705
1991144305
2070085251
413375809
1517625233
711520140
271029699
1517199242
387306224
1350538646
1956098430
99696666
1233947751
1767877811
1088357682
1132070548
1910993928
1086915897
1626858758
2019524010
1768713364
1832364239
2101622973
1371460676
164695087
1736958343
799336869
356586304
1574656991
426925943
505518121
828077907
1466552673
1667097938
1826204374
295655310
1926771913
272914005
2110372827
2095856383
104939605
1986506879
379261059
1056389358
2120317048
1516690557
568010688
628908897
1883289182
128041351
416702192
774645764
2020933212
1736761775
661233989
1249053791
1522687212
1176109109
1540038116
195464599
978041976
95519621
1652614324
833697668
879522393
635642837
370053177
1607965152
2141239705
1764945678
988462295
1638311833
1385452758
705277002
538043995
71795212
1676092843
1373525907
1864640873
1135855075
1535368658
823260995
1829710683
738650707
2073656780
1753673438
497441788
1076135550
407100953
1631004524
23250690
454532470
741255754
287840076
1648190548
1080559106
401707419
1087047329
1211223642
751872678
1301171191
464002514
919171252
1856514262
1371019206
592651565
1621845716
168053883
1090274940
65979754
1341245817
1095911387
1516100820
1641277272
912191698
1172734824
265668955
627614695
100843666
1178189993
344756766
1537350961
1989079067
1548081884
573334711
700362525
1076823692
1741545824
2038595373
1533287893
1809689960
327963963
1408619842
1743806792
754526787
1951642344
1107903666
2101869560
756788132
566830966
1498292108
823523286
1078429315
590489076
728165793
1879996100
1977152277
1553242692
1494638530
32917282
1089521189
733408611
1492786732
704883925
820868660
1497685918
2123036758
482204259
954154559
765356927
676687542
1600772480
875459267
1374590750
1266322824
1874962739
82362910
1581504693
818148922
1637312365
891712474
2031157228
787965962
1262357953
291460701
179850682
1782050100
1771482771
823227927
736816365
941522710
43189659
1201455252
2118105399
1943729366
134103283
271046441
892203554
552265721
1641473733
465591511
642998600
2142353581
1472106656
1887926169
517052878
1723343257
1255116269
1932915735
1290046407
2090728372
303666483
2093906915
1242893626
431791756
1101104789
1804577979
2115385643
466115829
581068189
309564723
1200668884
1655367151
248220044
1418286030
1720656327
743303943
1731829875
196234493
829339198
1336903934
1203011814
2058255864
1851730184
80429971
1711186599
2093464477
1834723847
353718856
1008958333
5998340
1731240016
425074228
662462484
907538815
1157104530
396382413
247810472
2142779605
418258819
1245236565
506288451
112116190
1725407655
1012644650
228002533
465575091
1515117876
11913166
1134871588
158846711
318543230
1541872739
1248792042
1839147542
415293258
2095512429
1973547565
1912239735
1304758858
1461145734
12486445
1942287447
713682207
529766409
44778800
1332693236
44041531
255772835
2058599724
837629554
728345803
763734561
370774463
560670412
857158847
1142473648
329716748
698183222
2144516217
1813638058
192777417
694562515
1852844487
365531761
153767571
1778216516
310334917
406167435
604054462
1215025066
1400345780
2109061747
1270713467
604267468
2000253170
307860882
576251284
989445428
1393464542
1515249026
577217973
595059875
1398461568
1302432381
1849813405
1194393838
1611474924
84607726
1629693640
22070972
2015002602
815495017
1662559466
1192378599
1344493525
377033089
1342031877
1157120773
1273809938
13863123
1300907401
618245341
1583257177
1609193453
1854957211
1842603487
1680714784
1149357204
1042560575
1920416363
581348027
278780094
545613985
1792025333
1117342388
1896626466
1229455718
2058384000
1365727574
1534595913
642559614
1832805643
1638902168
1711337016
1555960965
1456397966
798353360
1926789790
1975156208
478532814
1723854579
909295228
1554945279
1429413217
41241121
633761171
779855406
1951218709
227673546
1954856158
757982543
980972059
1129843516
471323762
77925568
81366207
735175606
718693052
565373400
186745674
1558598794
2051944993
188793647
467850131
452350594
1533023004
996045603
1547424838
561424649
1886664948
874921127
1236582704
1446321840
941879462
789079937
1930410886
1936767994
934149926
840743568
25053683
1569314055
643362518
757196206
725214121
889585044
72682692
295393546
1966669225
1874667310
1823908901
1595103111
781608449
379838011
1719529188
415043622
1497256357
1662266248
1637132554
798418696
486282339
605105332
45959706
1857824276
1633233395
1962277983
470979769
1248740037
1639721232
810350817
1879898274
1516770008
1924758027
792995824
1183010356
1020228727
1700687335
1630906767
808155371
446042711
2002681752
1174211898
164266242
961458567
1167773000
1936063414
911769231
1699589525
1237516570
494900645
467047177
892075466
1046754951
63654703
198198069
661663643
1625073712
171180761
262129522
1642359049
1989213823
1486262374
342334614
1488441413
766764359
122965933
1099483506
339434694
1150930023
1701326231
339008820
809351486
1612638491
246564795
21121103
1180880754
37145382
1609193202
5704013
205473058
1216168284
222315619
161775751
539814159
1116064675
350264774
1396693528
1379982183
885407214
1442421969
288856092
363158666
577596226
1897248805
776775548
1177112344
174637915
2054091610
1080265047
119836176
292968513
591915645
657567242
927776375
432460027
1195019781
1447845747
1795695181
789440074
415158773
1883961606
1993932693
2046668979
1773936877
98520206
2031366214
1143786879
1357420991
810432793
725459562
1931672185
1782555492
702865599
2070688304
13453737
521787007
1542345352
1014773013
1063188021
130174639
1843438735
1478971732
596028149
254330448
122752553
1605850829
1211040085
1343232364
1441291413
937983592
859208372
651767644
754754937
298293314
1547048368
922648441
951415102
54233769
1506938944
281745752
635071565
1502416919
743597519
764732425
1156615535
1265631955
1845503909
252561066
745432516
1511691185
905477204
1103972449
1911535681
1222984010
174506962
1980448702
137904513
1047967695
322755205
1794515788
1858463608
913244078
661106341
1115622330
302980041
677732771
1067284053
1300792384
399777309
1519571800
1922497373
441422724
2054042530
1940355702
2012610086
2010480128
597551685
1969585337
1655171962
74829227
503568349
294705264
1905162347
1132612199
715137863
265012770
675783084
1003696703
1101826112
1011283371
1201442419
1247380393
1869162136
145146197
750511439
1437588566
1820779900
306764723
586951424
1496993991
2081142262
1670457966
1748361674
2129295125
1129597271
1454955710
179126443
1784881253
1837279108
439750719
1473568218
1173655547
302094353
1291060961
32558054
230688726
1888451222
1507496896
1138592198
1719020648
2099296063
1837049694
729112915
193528238
1063073142
1415257712
1181551681
859060484
810072699
1639787400
1822746257
531846534
1328940303
2006744487
1284146888
617229961
948679368
92753858
926416255
812579366
1995553978
725934345
854489249
597780977
740157007
1691070108
1678323280
1370070005
1659332793
1318388938
1597805923
1256259714
2010152372
2058875088
1873257935
1254572206
2056745213
228427767
1367268117
813398544
567176127
1244627036
349511328
1678732922
1897233251
2080076161
298359731
213386949
1264779750
46663744
1534169596
766535485
854063220
700998492
797533468
312662072
1858053154
933346620
222168992
759408604
869611850
126537003
1770185504
725787110
643771642
1076185730
783737873
1499943872
1992785006
507139219
1892842104
903724918
413176331
566913889
917732382
1943583095
1530565002
262669595
191594975
1171738465
1109248167
308664543
2006777127
1095142392
1776051042
1094634490
800138613
863582652
461361593
2066182638
676209284
167772362
2143384845
1123387428
391503238
2099738611
640199934
1594136028
27003716
1633790907
1222197764
350821899
1873306955
34162924
1932966355
1491096071
1154108962
1985936567
803955970
1421434451
946303627
894418878
408277664
353804257
2099378134
1781965006
233113374
251610115
1031878524
1371445951
259130481
505058590
264422598
1141100294
1316128116
30214853
880639862
270588720
1584731493
1546245945
821902316
977056046
690315830
1874584748
1961672692
1109526846
1719545184
1913682191
913980762
946647885
1597068304
487822897
300767944
1195412581
913522009
229017229
1855612340
55183460
2138567751
1793925598
64997609
1100516015
347971461
1066235062
662662211
379084196
1184910750
554166850
1639279356
2104489509
275389223
1297712663
1293616724
983265743
1971732177
857241664
1588254195
1168314106
235554129
1766908427
1534267439
1422270360
1642293895
1715023196
200786065
875167567
954430346
219367033
851556781
342826755
1549145912
31885961
1287325652
962507308
983871952
244401636
121867316
662711544
334829708
2033070676
371432793
1160121946
1814996817
740124572
1039578741
1296139975
1239695970
1745150860
1080003542
1519489307
1850631619
221071011
436114033
51464329
1529925801
1147719669
1397168345
1360927361
1592677745
292346569
730210351
1447747044
2066755743
2046308951
939881395
1458183516
1235927570
710451682
816691991
1825580908
727113963
1735060650
1830528728
1729195223
2104309418
2034889347
1779458523
147112712
264078448
519640372
1653811549
746547121
1894234921
567388673
1115736401
719544626
555674316
1622993775
382885127
1597560034
344104799
1895987937
425792135
288512729
1480168405
329766987
1687318397
1991458140
918175050
1456692515
1378458073
1562547923
1412066
288529096
447762764
154075857
1186843971
1795761929
1636953489
543386722
1168345506
1487770799
1296286017
2113171958
533320651
929020763
1654124178
1278197802
969717194
2010938324
1595626259
1115016831
1087671519
182519532
1284882587
1129271105
2114351624
1432885607
998668182
855408364
1942831071
188761940
285826334
288120123
811187265
1115836059
1486689415
1178274341
1827496137
416748785
1638755716
1346477160
2526217
1563332895
766189978
2092609672
2106978727
922303180
669674450
1243612699
905984576
195397605
1557614742
44781292
743972882
768582020
462165954
1223361701
1781147258
941929589
1836212515
1458559677
352868699
1717217795
2024404215
1336312824
616458462
477237267
1139003264
190793532
516821677
1215693842
1377312381
971896200
1619700973
691283283
1059943237
1358584979
828079409
416470206
725985077
949089504
783311554
694838556
1484838137
333832094
130829232
1530517316
926808896
1962178698
185026425
527373290
1960491100
2109731129
1328399269
624273853
817675317
1341178747
671835269
1197673453
148292676
42389012
1039397216
267191161
860929988
1806509883
2012805998
872202090
919960130
269409430
416207959
491459026
2101981650
301047148
1495520702
667151203
763142622
1106480464
1692330107
1850024672
2079438676
1543280473
2064775097
1242826430
1510430379
1440880975
449926783
1574080866
2028844125
1916731023
2000829425
1791747710
1613737114
1444190882
1690445941
1953085649
465934204
198625132
926940037
1362435470
797074237
680158283
646031939
937917220
43175511
515019386
2017752205
478187596
502878517
286547417
599797521
1293222337
1002600216
1833738647
1365319101
263750501
1470421882
688760300
670051089
1708337463
1223312398
1041576691
121818021
1936129932
1885551759
2083123397
1486017660
1693001735
1020227616
1459182089
197068622
679191689
397646656
1818632351
118262773
1440241954
600665910
105777842
1421170761
1769366921
1099468151
1668394608
846348150
333684454
1136578232
1597575743
1053111234
2094395868
373775181
1389813725
661547618
1385783189
1330954821
1533810302
281796056
2004466287
454202891
1630940204
777446220
1445075768
1817583949
809467169
1525028857
796516966
994113119
1348017528
1601131081
1074728232
1787946938
1629088821
743891323
2004073054
1719708594
2014328099
1264993874
24579138
241517394
1583207264
1388175357
1823367660
484282777
879524138
769630361
550235533
757866602
1387995132
335632710
601042580
718186375
357898271
782623727
1862394444
1889336785
1874109179
1580028770
170805118
930937389
1922564036
1165412389
1442945874
1223951783
9145808
473731431
1325908571
1107726171
472224122
1334985458
66703000
1944551045
635824262
1511708542
1146374448
835697835
937966221
1829806198
171362129
703194254
624486487
1872175845
184256392
300653726
1788372974
1703995623
1116278769
782132198
1163626531
247595960
358635546
1604211426
328703723
1539266240
1737796116
446748450
1732668101
1072116321
1341375092
1959197006
691905717
645590003
11963708
1442109561
1557680469
837467236
1803396850
1130057419
363583545
1207993748
1582060505
877083090
394664464
2107551753
552201587
1021440379
1526568800
396810811
335240806
1711171678
719234942
1486198070
1989262134
2011150964
37179292
1609945688
1189301074
793174775
1733274364
648866586
1266452166
810810861
77793565
499257347
1959115015
1766794380
1171785756
1619651916
659565205
1362402546
1341276724
1454889841
134497748
702784561
497356919
856243930
768106512
502435882
1757914397
1270236777
40980370
1670671984
1502254190
28920926
710944648
2021438869
111233868
1955199335
272653742
1845863403
1624550692
770924546
1783670689
1222771984
2082992596
1507660841
478040457
2081763821
984758091
930593421
555740389
1179503542
1092504805
779329651
432674763
2118037564
195446178
1649929298
46582976
938785267
345135770
1856266415
1752540793
458724678
1439013844
679847571
155797329
1621241528
1195231521
1603850628
334110198
1339556294
168428586
1752294994
480760451
1636347821
221643536
2078094843
927119722
1107954720
221250331
2030647074
135743036
1786946734
1421286042
1842045947
1682057842
243794105
522031400
1755309736
304307225
431020018
1516327972
714319062
1746118229
1074433603
255656311
1609863615
1421417205
626862865
305273980
794665230
477073975
1148406314
82021048
1872912894
1397759246
1038693259
681486076
2000517470
2072458721
347019976
949237496
407770659
258621701
1787307256
1326072185
1339802028
60329455
1345756749
564457433
360897286
556085152
952219206
1795253642
1837884160
115394673
998438167
545205993
2061464649
563736335
624520110
401938796
1741465936
324754885
973092000
401070405
1417910816
671950504
2074932490
654928302
1802790355
1495357321
19566464
687482449
1573589856
323444203
2038298579
546680353
311303227
908277909
260768061
2065888661
258097626
620800952
2021619397
2130883001
514789395
1838801700
101402804
342973111
1863737819
2092675689
1524749363
87329762
1664101864
1334755671
843005155
1103400731
1519899767
960313311
957642743
987886597
2114121956
686138882
396958018
878361270
403166955
1950694057
177882230
364059486
504860920
300703516
434738968
1804379519
402904821
391879085
623979468
14224932
72862376
1188104657
724575281
1576833790
1533138023
730604672
432297674
1943600343
879704959
845528436
543518580
2033645093
521228290
2036168264
2003662968
1411242763
1571803832
1458936290
1745266462
1983838500
1030304371
1261372468
772530453
1514624344
1695902218
1619963822
1827169225
1612459838
799826058
154076680
402020561
512020910
690955781
751248364
583691745
920123899
887634887
2003597406
53431324
1376640313
16420815
1313390960
658253829
257949785
1395055644
880393031
152733220
1461950561
457692163
352475718
936442006
1009611620
1050145245
628386367
1192675418
1868701743
186614863
130418836
125192224
292691493
1209468751
1981233487
1931574397
1431280147
1267434710
1634070021
1983887711
48450944
1692380092
478417888
1969797644
1972992765
2013231258
1835557390
1517622556
1892237216
592243750
345594866
1912077980
2117890391
1635003930
313335256
660826132
1209534305
2040018657
783786445
715548123
2065806428
318692736
985806269
166364778
580545818
702178910
591506629
1410390933
290266824
431167029
1266435323
1050521876
1776281173
80104268
300555878
701654622
1053634908
833666596
480301878
801235030
1948842931
1075695494
1111379365
935671902
865385480
1354161960
302308768
218399393
1348362226
695609048
1809179770
910588402
652978526
1013609436
1042706846
1229080315
1519113521
1212352504
211321637
1619701579
615312238
1180699044
1595347155
1273660463
1194248421
1671703656
1983281658
508481923
726492313
813350829
867564655
1900330654
1901919878
1745086425
277585744
759227035
1902034563
332520462
1800905905
1082904429
614263675
1536185464
2015705037
1744807958
1747691463
1391205635
831667815
1447598526
335830013
249430306
1391779080
2129244437
327130243
1807557699
1595674396
1604046751
2071391091
2043275724
1904157049
759184711
1315069546
1672672186
271859773
370214430
862643067
1045261918
1403863992
1976182237
1724937928
240328267
202202134
475286600
694335871
1177982507
1858649814
1644376610
1885888586
1023470883
913794640
1737242532
1159288113
863167324
945514601
1628893474
1853062735
463408034
1977378274
1447003775
2098752857
483019913
1787951831
1075974248
735312792
1330110219
130848668
1712223836
1643852207
2105503019
546599107
1723741927
39850557
71210080
1824242916
305693273
1032629742
537194595
1112904242
1270356948
234282392
314852010
1856683716
1047342619
2089217265
1020144823
626816293
2084465733
1048719100
1098600709
384829071
330695478
267050849
1917674177
652719735
947988496
557412781
1263459291
1527434140
1952261323
1037987145
425069004
2058332723
1683715271
2124525117
1383875299
925460360
208542924
12947558
1463994342
1618653407
1554287628
1159943561
204725407
1650176756
1670165283
1330372603
1424606301
496831785
654620592
1004989264
1095438845
1960928346
587854775
611005652
2084482177
2081434799
404998300
1607307020
385271351
1053208069
153442790
1246501519
1994581544
1154061319
1397425028
1248090805
2072456018
69571824
641775254
581939832
1883365531
2055318106
903456002
1381827206
1800878986
1309793999
1602326366
467684097
1804172138
2035345853
571339490
626357690
11817029
623048150
804011802
1982310111
1822817375
771882749
807903449
1797487139
1031580793
1629614118
272646471
1509542129
237395759
1172149460
1187436492
1391199206
1971266675
1534233215
744324431
120182331
790511114
745274750
1155847665
452463585
456477230
320848387
59544209
1657615312
103667467
1541032695
377784233
1771616427
409880922
1425950155
1061416565
1703867574
2142580364
766327956
562475195
45519862
2112548008
1675063957
1128026750
783859706
1467516464
757857379
635253910
262135506
608023923
1106677945
2130832976
18337858
1292966983
350979507
1789115386
203726205
1772058819
1710994598
2021812701
394757848
1611100517
926115408
1446872926
1782184797
1767176241
1424328064
2109353181
1933189718
360776942
45798346
224893974
1618587917
168352638
2025974199
1950491960
445533172
361546993
914908936
192355062
1955226888
1075138969
653506431
1447872450
950511924
251436911
663402012
688388240
1246108639
1238030419
1173722220
662828571
1285446916
193337885
10506555
1292475561
248717168
68179382
1300880430
944908794
2053712835
860447459
965666849
1715697651
2112760926
1964614824
1200936485
1335631405
832774161
1976853607
2059201284
386647731
838902714
1770174524
1658450790
2040768611
382846736
1785609130
1389134597
644773795
2036312209
1138594317
1636036690
1927766837
428968004
892118265
1300978781
1057484496
988916518
798309967
1018490223
809492959
1193268989
63476267
1203050070
391104171
175676316
1504987219
243425125
1913938942
1126486735
1690596660
2030774520
1566231718
1329716545
815047316
1473840600
1166645130
531828150
1302110107
483577562
1068641723
853844207
1009233451
148462293
410798704
1398161734
436963352
219012889
2056661121
1213078105
2096443116
664384898
1961387764
1374716882
2080419363
1848146950
1572376458
415894270
1166137271
1487817366
1103877104
354371364
1834631014
753106655
110056626
1064594763
464456175
1199428924
688831307
2078534052
212557538
128390635
949381851
751255178
1048095798
538571350
1674539421
774569080
612283948
455805304
1294655353
1015181009
137402984
21386012
1113395202
1601195311
565720024
1632678706
1377878083
179689681
1724937400
68064867
878667309
2140515808
987326625
948660981
1025208164
1028698064
1779218572
1875066179
1704441622
247372863
1910793056
1152423478
1553698333
172480718
1350631946
1516996832
325861863
1456538717
1544146566
51925390
740523705
687241810
220536707
1390346361
209067741
2101899236
1620849200
81254011
1174951096
1122046033
1631826930
1536051515
1657630842
1595166126
64426348
1889116706
1605422348
374195440
2063296581
173971681
405015271
1560235578
543437473
115840033
339314417
1883808386
128144744
772783297
1195120115
1512671486
1801812413
1344635647
1395229171
1664053708
1639281490
202055395
1430734762
1174639853
924657133
871375116
1932321232
1671344483
457312322
341837667
440617280
91133547
517967321
284132329
454576144
769801963
874981164
595079286
2029464568
371049743
926999635
1002186917
1911317238
1323261380
1361838640
1859091923
507251996
818897903
1962747871
2076584163
1320803729
1318051238
1612182332
2004018270
1358693329
1654059448
2347795
140303214
1089655750
427936436
445417910
1334090936
130700535
57675824
691419760
2078992556
145972213
706378066
1930125378
715930081
1450083646
1998333006
1225480799
586625443
2074847486
164453018
1882612590
1646227780
1629336131
1106629290
2102423055
1736815840
2090070005
729790487
193239276
341641012
1514850593
1026272836
1770617594
169089379
147004340
1109021027
1788410339
1700394533
1362166348
782253535
1393688722
2040769058
1660383602
1076679594
1654534424
996124888
1367605773
847962375
1122898272
1379697075
637335151
1914315145
840769929
37835220
1908826707
1754528521
2052008404
1523140949
1774025244
1885365187
1853603294
1866103967
303186359
1831763592
326074566
2031135422
92575286
1960748909
600944741
173005306
1946494896
576123360
1526024514
2086760409
389072012
993437832
1407713321
935650305
974154200
548008805
918775055
1628713668
1241504300
266001422
1863990478
1199854684
582398317
2041719406
1823948648
844374411
1647915480
1360380660
1116524910
501796362
1945755677
1029402302
502042122
1781922258
363120200
2054367618
637367823
714242400
270189545
1016442721
1553321838
127685728
948988780
904799760
935224249
1225252108
283804897
1810907133
659452737
323880797
1548191827
1026042173
1975656922
1299356010
2047716887
2071998362
752253130
1664661277
1991565971
2002789192
885481711
1288263904
859088670
275514438
689454388
1556482283
1549437044
849487501
1950621812
869705699
1461863189
1906746782
1929619259
259054384
233298343
1178882566
2015423586
954543270
1918871066
698285529
101913183
579745473
574420589
1968873739
1711583831
1534807855
375374346
2058809071
1366394155
1388021476
1911547278
840815
1191301988
341016630
570865249
863643411
1113003582
1340627842
1898816838
1981244025
873259106
175218207
1645688440
2128423602
987590322
231233977
583628472
345473253
322471745
2098211177
986115772
1457996390
1379878588
202299531
1777761649
1135449898
1652029183
959884735
249895532
1793359469
9032709
1946738821
439389887
11244603
1085887525
1678864524
1590184533
414616619
42538518
1306908999
720043599
1907778847
1934157794
2014489785
2008113922
1151127588
1814788246
1585957432
1095587215
22648218
766982526
1498860955
1069198199
1246207639
1700131205
1940989794
1849916055
555873781
1455243881
1247846070
1280972934
1550600368
1976377619
1493388764
1018390636
472795342
1964925436
351977496
70160589
1584286347
1690841121
1851652791
1971298705
1807712080
1096340907
800930635
1112184498
1486949464
351895554
1071999769
241687193
492276137
644526954
569537776
1481018693
223844435
1376618250
1567656060
361218186
1250893725
1587678128
2110089430
452071398
148757960
1704505486
646083476
507333413
1820998034
550024657
1651963756
367870195
797211302
2056122287
128045700
1255514096
200744658
1107547947
1357235660
1934599781
1289247209
1358579144
2022092212
2059284364
1616754024
1482460521
899293346
1801027168
1001860746
1527418421
1098060851
377848775
236297041
531663613
1402930898
1863350879
1404634862
271746411
795327036
776370970
2131520080
319227482
1571621107
1036282010
524438045
932487924
662434329
1810169474
1149391336
774208335
1878063773
716521432
1809219256
357695523
1687564775
199204526
1478643027
1999037012
300024976
1375241345
729185807
1651259158
1536233195
41178889
364937406
1311923021
1708404907
2142136878
1179734992
796097265
547812645
1124996745
1145033138
742586829
1076401593
1991467812
1727296340
626209010
489867411
1813526973
842835866
1379223453
552613186
563704879
1063185128
402358861
984493846
363724818
1216175553
132780630
1724773232
409259482
740964757
1271422476
1205096978
453611203
2016210407
899375188
641823633
767506542
1915365371
1764113655
786397963
937255432
2066869988
448499559
463539838
1581681561
33953764
41834396
1791328038
952544549
1662678783
1546062274
1631827109
1546570183
1348552074
1501662314
1080661380
98553906
1938433636
469356041
1800781476
808150495
599324224
669790741
326518412
18388195
1072900616
530106981
1383319438
210000250
877863340
1789689683
1259691285
1827814131
1221287626
595670403
759020350
1299864434
1354057405
721861902
1104402393
72454751
454839564
199073229
1908549584
250091772
766294970
1155502791
1995841772
1191006433
306431070
176807063
851829979
125669731
2092296862
817391251
1076549124
2022190776
630240162
1269325211
396427674
472992266
192372022
893674247
984050927
810362374
198172062
1637857229
106090497
1889707764
1339775361
1044637720
937435520
309920792
50926952
1484770846
209246746
1170314146
2061003963
1734570247
495307744
955133577
172842020
760462138
675167831
633156561
2049207368
1906911193
60397034
593884433
237181015
1228971832
982248689
278857440
2080680576
732642594
887612011
2052844757
342180593
282740302
2104093692
1016326661
643297472
1331026382
2090691078
1321424991
2039590668
79286822
1111545055
2072489254
1432732609
871671123
1540214116
1714827420
1808956796
55530976
600388966
551204456
1578092732
1737863462
1915823237
822814647
1011935982
580678748
329696615
95622005
471567068
1382614178
1175310531
1761279528
101421273
1370539875
2066427391
358450056
111054918
1965270010
2042883865
1833270174
245618812
5183149
1720283242
2013621985
1114576010
2067819942
290064290
1799667113
750762576
37573842
992079313
1919558809
1143427796
1746370274
1502547833
146562634
1782693046
72159930
752613921
484772383
359514731
684605381
343180152
1444790547
1832385080
231234257
1141904137
57627765
1839364797
716635550
1813986102
93131428
1622521758
577008968
698367628
748764044
1980145961
1599883373
750451592
570733879
2125457820
1141429054
285050820
2015211303
437669162
1903208013
1415791395
969436809
2030808655
1916642683
1623144440
1849112958
870671532
171613553
1234476761
1499303443
441191683
2043129503
475466509
129863903
477743898
1516522759
503089816
1466826763
236542335
960753188
568522379
1297848882
1844148870
1960895373
1264294966
1619671012
636220036
2082384750
502499970
58053638
1388217802
2101242440
1169445570
1841167050
1992008130
2078944400
1426309752
1339529301
392511713
1992220982
2050436541
1579305384
1921180937
209656819
616985418
1234345503
1260395694
1377142170
881074964
427249380
249321807
1389708620
512100636
427560674
1263983817
1715270051
687161172
1566771905
2001248480
239622627
1156125510
551630673
120459421
193862714
557332108
2024271634
2060447093
1629583005
582808832
1819982791
507365760
1376126395
1607420017
868639865
1541704795
439537037
756611800
943124471
1869969590
1953964979
13473545
1414398854
1819573183
220125906
1336301675
1994776885
1070524442
1851259279
637596122
189815948
1696772860
686096186
772028891
448941345
802355259
1447444906
1208639462
1732784294
1036413481
1099159148
1391461663
1211490266
600437816
528173185
1706308174
1077729223
755366649
768490032
1838545515
1332156568
1313723980
1454231212
449069766
129556411
1735655286
1828467962
1852798568
1296733507
153768231
1730592552
626228545
339364904
2139055980
1359137046
1350125677
1436159374
1157930257
1128012587
920792821
1906551227
1591625411
1522107044
808839189
1744650207
1126537984
1210503171
1849685528
1833743718
713585316
125312854
822798650
1472221168
1314788974
68967471
641383945
1852896836
76799143
1904601533
2496538
199922646
1349208151
2119476756
451265189
889335107
1303107049
1797960556
549910656
90971434
1281987631
1347667999
1976282503
1956457680
480740584
1356613772
491504920
342215731
718320263
850602724
305646189
1930308437
1367394783
423493985
1709030844
1743896467
1208635496
1228951843
475006005
488342910
852699833
1631697195
1218744526
716927697
557988142
692760870
560658692
2086413363
534988695
1617442846
242013712
1459441280
1207361417
633322814
1277580453
1623914573
559266258
330779454
1673837391
1055696487
1216385036
1328207783
1927441004
1759381
1929390995
982999555
904146289
1926703695
366349647
1034003772
1309759116
1780118148
109321754
1170447708
1144560793
1957964821
765555971
94035256
723547010
830187999
711914186
1340086090
685797451
851323410
1445219977
456754068
848112160
1368328507
444793398
680472631
955064404
2070766551
1176264359
1757671427
1492779066
644906673
1483915441
1887758400
988996150
1679654101
1461112799
1650309782
2040652141
536983756
2093720580
190059396
1065592658
1249481387
1680194800
848718414
1809134351
1958014063
1715437283
764949830
1855714939
872213277
1440681276
935276378
256251820
1766060460
1466601371
1050699347
1964715496
1307530524
99966217
955637771
1607567151
1255985698
198202064
875162924
516868040
1392609801
1246663494
1570555031
1005167335
35429138
1521845157
1096489038
1570210945
2122164075
1304351912
2069963386
797177496
127295114
1337906848
891464705
1276286262
1784345471
852077550
1920756565
1349405022
925855261
1867953763
1643362502
1873835655
17963045
1720041407
610696539
130981616
629374140
60218069
757740641
455721593
2009214608
1715748630
158257212
1678802243
1559561638
573127549
1977511051
1785688889
1047930666
1196301842
2111071369
570144927
1443630949
238540636
1638774976
1928440705
1379863373
802829993
979460885
145412575
2105418760
999285497
1095342142
860514864
1532019243
481150417
936881833
1121803170
463307288
1842738259
2142643760
979837921
268244596
1421266236
2049156008
2103125205
1755722025
221271231
1692941688
1332582141
1234718733
19536063
1976413272
1912252524
43391744
1397295824
178131716
133389929
1139874411
545176034
1100290057
1057531542
1612495235
256579305
479397174
1709079675
456737429
1134975498
709604347
1260360365
1162288372
1887054285
949887271
561576132
297584641
719614809
847801160
981787461
1206148640
1768992949
1668348597
2111202320
432144394
665878140
678883770
560461994
153571560
116858662
1618246053
173544330
1814590970
1391151923
1166072928
121118428
242407317
903392305
981017490
374263715
200086018
452821772
66738696
2010197538
1222512934
861006505
1961667861
108994434
1882532299
1831515348
107831187
1583072346
764786583
580876444
1067492773
569228264
1624324823
1249988743
1154948816
1290098402
1566607208
1736719756
1000677805
173838416
2053070930
403276295
189681985
1141480985
657882402
1618459233
1723514028
1143578174
588478731
727462214
1994206407
297028520
384503030
1869264247
369151006
1754346126
1129961798
1015195302
833366921
1640430561
1322472699
1405864419
691761938
1108645949
2133615872
488081188
1229099894
120675589
997499203
1429606159
401640908
484148966
768636910
1814574614
70786567
1826797217
465666439
2081220170
955622076
799405550
996974880
1671576045
1491174064
780170454
734196117
1783017489
2133206396
841574514
1345374828
777745414
1918101517
106863678
347623132
226498536
693793587
789722493
1105566612
134208909
1918855213
1085348546
1340396951
114023615
1750577696
96477118
342248985
1645475948
2050990271
1582941403
1307613043
10050076
974217364
1032988437
269994640
1706999609
694252518
1521532984
485344869
1757327926
428589826
616201779
1987341565
118578560
292064251
2066047408
820324979
83041898
1743633783
1617312509
1734065606
1993108561
231872370
506152079
824421254
1992584291
1144069785
288721820
1532789230
487901089
208656090
430129940
1001709836
792688125
1771713360
2054807730
1454066784
890580953
508036230
1409173806
1775629061
1217385055
1988979804
1482818230
630423374
355995621
1452330062
1410977479
819374601
388419065
2118657193
183455757
253875652
547256955
90824588
756250613
1891150431
1229280162
2023744118
1623603759
641350865
705589474
1905519486
658144724
1254101040
80207413
1242370302
1225987047
451936261
1138530602
152441825
1717845148
85909478
404030189
294734699
558300092
1607583021
935046471
851961914
607026899
231757613
1024927255
2107369115
108567930
1633696354
1681981252
803402981
500385499
1562052119
978329949
1514996035
1290246120
1651882341
2131813376
1053894089
264983760
501221116
929148028
16800286
1572914915
1229443684
1592296911
340086636
1770058409
1005150402
1774252780
381685228
1497825898
61053075
2113922767
503907641
1500791365
1569212090
485951428
1139906756
17259058
388025366
1806446736
1241076409
1103256195
1121261974
505857379
217995195
605536095
1376586052
1513554300
1381452058
1502003913
1123228064
579860955
793097234
1124030887
93724364
162599658
1465093135
58316836
430719731
1599783994
689074802
96329437
192401426
800470238
576026940
1992109524
1413549866
2045305475
2138432537
246437343
1580664133
678589191
971530911
1482621736
806316920
653950349
446005525
1382926829
2128438616
1211143095
1807183932
256005327
2072731652
1131239650
1511113118
429490701
1583154628
1637923386
1376569751
80142171
1023944343
378146090
1064953049
1894689610
822651564
670973019
1479312266
72376311
271272834
1421741844
1885072368
1830680246
141595613
1868494063
41572814
1071703128
945644519
1377716641
1795764427
1075911653
142758724
1356024603
1347537816
1170578959
371756518
1747776483
2029445925
230970896
675312533
2144134169
650722591
756184778
1244221936
1333449894
911928708
1952345985
1858073952
1947430899
978198958
1930750198
1129896123
440287707
730312801
135959549
462635131
77700936
271748057
1864611016
1404274780
568080941
1285560147
647609706
1346620336
1403160662
1093229278
799274079
803091491
1697544495
1355992275
707900979
354257182
239669834
190584671
1787131521
1762571531
1888185485
1174854157
288525625
951035043
1302991268
208343141
248419009
786854646
1220007079
1263621953
1537165197
769585612
485163256
1763636489
1392987920
853290693
1612102669
564592007
1481966710
1683863673
652376776
3300383
351733959
707589660
308334162
307809900
2074634142
1808971748
804942787
9002160
824044833
472973326
283462874
353323342
1757066489
1561903453
1042276949
1715616265
241734183
1151817971
491110675
761688368
22355211
1451903701
148657340
1071326139
1761227930
2088837347
611760148
1558970507
199628687
1957619911
627898629
277302508
570916460
1637187064
303861362
992077647
246321857
762589444
535626653
1186699977
407766077
1136877495
1454246618
300977542
428017140
529138685
526271270
1707243963
788460165
1022566543
1874015182
2079238032
130079678
2122818055
1175526032
21863886
397871922
739881116
218780044
961324490
283003990
2103009744
460081126
779825910
2015929509
1764504994
2115740297
1258493840
1582662336
1566917116
233492851
1981803140
1884335309
813034731
857960322
1615559905
234180959
1440516467
103488132
681702414
350718037
1697429905
298650994
2145526621
1461668826
422217199
18046421
952476684
162665855
1546600673
66412346
945923251
1106353443
1267537753
494305699
246682209
1225774552
557612516
1929408474
1665941399
1372327184
362891644
1822044228
2038392223
219255281
644135557
2034836906
253514751
1149573217
891480519
181753404
1593049630
742109397
820947968
719042100
776319669
2031674859
1277513936
1649147580
1829335550
1561543147
2003954570
660732831
1642446055
962798689
781005710
1812345088
333696747
1248974712
399543002
1666874961
855535602
1176443664
809381166
1362234402
1819717988
1873851044
521961993
628717676
103799608
1663335997
573423412
628504685
1967859797
2014766390
831286445
1010884961
1128816234
25861288
440797028
1854387106
730396321
685372915
1062117989
136090929
1437272217
563379366
146839028
1237538038
1783854949
1978788042
1869197909
1481917802
945726817
2067048053
2138546741
835808405
1162385422
93690066
98326683
368052409
1312936712
752152990
1300517076
1339691650
1655177214
1172052102
2075191019
1367411933
526238208
906750804
1279971626
2082464126
359778323
356223071
607238485
1458785182
51699321
109517801
1245632335
589692500
1631763514
101948265
288967749
647642085
1854075901
658700994
1833775308
837938293
1061249732
723990178
508117967
1632550089
767111219
524845766
656554668
1232377083
457656023
1933799122
967386173
268341866
1272436288
1647509422
1411598783
2045486154
2007755273
1003169388
281709920
80238946
1922625332
498237471
1729985203
1375685710
1655209754
696005829
448956280
741306771
101407669
2057185119
1921281858
1974691963
399395335
1369771116
119364311
1610710475
1068294755
792736401
605190600
1475201591
1440024590
347605338
1883844010
889481440
1663712963
1225839867
1539622442
844033983
1417759091
1293127904
2085085620
295128163
1922953065
47849263
2089181552
249025324
1933618499
1952442969
2107827109
1495795503
675673676
30810076
598392225
1712371740
485458658
1391840507
1634058090
1427868426
556629823
1763161860
127195520
1751037514
273518160
1887678113
2142134669
1880927802
1811330512
387729722
699037570
1793144009
1889627787
1369788302
1918938190
329092530
1266881964
185767206
601095655
1183668411
735933927
189912426
1532773735
2088952508
278531749
1371394047
1011540489
787148969
1757689485
1490601619
1227790181
167745459
1146051074
1003955610
1008165464
945481225
373868573
1364479756
864447966
2033706860
1840280558
264704408
398395871
129128915
1931537731
1330450731
113219799
983786698
541376041
2002217255
894233405
372869192
1448904749
156030783
246534340
1674001854
903687079
1928948866
1832956731
1373720477
1419938524
740979369
1434291193
220992425
1566524377
1559298683
1020863063
1707588425
1740060984
1607270749
460260862
1439976258
461342184
2114658450
1643659105
933996848
198251852
904997740
1411975860
2002495940
479707656
332877175
985244696
1314148597
1151523335
418268742
1196071394
1874506000
1586200615
656357809
1741797758
414238208
196728073
171791500
1236784901
1170332531
1061069192
1787311167
1362595725
1818047206
1738406176
1510868144
2078074211
440812793
330452237
1694792644
1762228169
1568998215
500810527
204346088
1697938431
1616314010
710980782
1273419061
494764974
1234753358
1597915625
1607893262
244453448
1296225177
742765214
873229009
985621600
862006718
1630584815
889383904
284495382
1714010317
1405324581
1646116084
920004671
1939860853
1173134082
778580120
658848180
1088691735
1934273982
454493679
1775089461
1800549803
672184042
206033596
1503692637
879012506
880945789
141383533
615840692
353159693
768373449
818573260
731575442
1318244762
1841230517
2147115249
620526572
330534049
1239275215
58399848
1497908828
1950067502
1114873189
1410632450
2091508657
169923896
2044602051
1368657589
902605550
1098358355
363465357
1462159372
142464854
1717336439
1340264652
683849712
1255085564
679393101
596442296
1782297870
644528466
1081515855
402245826
181278194
1413909371
1793717719
862448729
746746813
1993157005
1679571804
2111693468
550027146
886369171
92019259
1723841015
667859078
2075157754
819244958
184243632
1299730999
1006167223
429131461
1504593661
1442024096
220828287
1807987865
1514620185
928196620
478036767
764703477
473072467
308071742
1373720197
1287869351
355289673
1496565339
78666714
1573683878
1385090530
913533194
1407847568
414271434
674297677
1313542605
1732016308
1125719187
108845558
884599605
1028285124
1723824433
1684028403
177870094
1360383628
1666153686
1479755689
499581532
314281254
1927671163
1075715968
1921248540
983328003
294260265
363301379
2051384800
205050782
205968353
479347514
965764666
1212635115
2033002137
776466931
793129202
1701739224
1844163164
2115330477
918038784
368216655
2012358735
724661491
1696889570
1471613041
1904422469
283365163
501989923
606141419
671021106
1276220353
1726560568
2121867692
1125653711
1467140270
1052991774
2059134308
331844647
1955261290
1943628856
448873766
1691237158
1335709815
863808662
1028252325
1678277606
139450272
1319260502
1073225740
2103059119
1007330290
1400835205
132241437
962602653
1727723780
1740769218
857510684
1603534736
1817332817
408057941
1589755592
1931760430
615826623
1831406886
450116288
891000078
879711353
1583939199
1917538898
2057902768
1111548506
1555561643
1955976329
1721534080
348304606
149465334
478166174
1857146513
37593629
182577856
665143172
1071308793
115025662
203041853
1472378853
714934966
941021220
2007652253
709904999
1397273460
46342909
779013713
237055585
907515473
516374159
1178216048
246951669
1097687331
10166484
719964859
1722042102
735480709
1225926982
957061470
136783986
111961850
1530624877
1308896851
540098664
1251748545
448952991
1359376739
1005460363
1502378473
497384908
352367979
971643270
651232929
742607927
918787771
1214228517
1175889514
1288989867
1492351090
1292447114
778145509
1307110765
1986565856
446446101
1650852589
410515704
2053167856
810717379
92742930
2055772703
644466430
783879712
1221355600
255405988
192670694
233680243
315060824
1161962979
1076027523
1823738902
513064497
1811073876
1286646807
1627177051
215575665
548864029
727632885
683870312
1783827199
1616707824
790040506
365819235
46621288
1151738889
820875356
1216047305
2099961240
617317496
2053888734
1143956634
1826540646
169011883
1493432760
1054236269
108914369
723717089
320222163
665683816
203254998
78652541
891885028
2124848745
1537194826
561168804
1192404932
2117689070
2067700707
1288956941
1002314591
819826744
775376594
618873867
1593687568
477363358
1737148260
865784692
776015535
1679983821
69592277
1249831565
496254311
1696728534
434731293
644171408
1081598082
65479454
1479555274
1739769678
645514884
1207396087
1292315655
1534163569
1270852286
761269352
1799866958
1183049608
372193060
1774340302
1072324325
1755449778
1738573493
1656292257
137947426
1006033643
722291244
2063424479
1158161452
1734002301
925816327
343389534
1201104574
393213509
534298357
1550073162
83797455
51814948
758238211
1405874941
1360703533
476134742
371668763
776130430
1520909209
490486786
132376227
968284407
502774964
2002703901
599540472
1845054652
319795786
1467807284
2043172993
321630818
690161769
2033162341
400012955
1073208999
684476829
2139643611
1394963057
56697399
1834535951
151103574
1538390760
1443837777
1362473066
1790790623
2005456620
653543313
756386930
1042800461
2046925675
2000033372
1851723570
970299579
1497135181
1398927890
1729857134
205860147
1574943908
1804012280
1441051748
1751517666
1338945096
2083855795
121710278
1485748489
1886474745
1399108333
1619116299
2114494341
1628979350
873633155
2097716379
502316133
378976010
2082659772
1293479097
13050213
2063244120
1014898141
1522744164
178367241
700368918
1570028605
1250683682
2045941848
1728497335
1724680063
2066111122
286978214
1816055168
2146999879
233368663
706104278
602915374
1476245052
263351920
215788830
1979815877
1568390335
803655212
84927682
149940513
1476146730
2052397965
1385165654
216853814
1536752196
227241067
502594582
2066422473
324743865
1072160258
66232859
11460930
409123215
1926402876
1054138149
2016238046
510230426
1657750329
373913522
709544886
1228040398
1912475651
1942147644
247803707
396801624
1337896513
73541218
1450914939
2064587020
1495792418
2134924615
240200794
2100109091
569689083
847827096
1089905382
1394667826
558744410
1277554237
1032363927
218132257
1271245293
1899795218
61497753
2073811374
1072192978
1735214422
808522353
263155181
1218341596
940513869
1046305822
599278069
866931196
1474835900
2081037916
2114673757
1945375148
219230024
1155065475
1813548665
527875348
1731954008
1324788895
243428585
98002876
1223502464
216952448
905615242
1572028352
753798813
1773472706
916722909
1013161497
936498602
677906964
2005833202
1118494932
697142259
363116320
2024364577
238382268
1344811683
864096522
1853148410
1536735501
818827864
674138809
272429739
1968592846
1012653766
1843253056
2089655854
278245936
1234004779
703777620
963992540
268939950
963845086
1475573084
141404893
666846476
844910824
1917456639
896833473
725436811
1633780695
410974918
231239432
437254350
1380315271
1928712243
1893437981
1926516755
543392426
895948717
1760250401
576110746
2050037988
1909805827
91547554
1590377491
1331867067
764530507
381580385
1930580464
69494470
988190725
610584192
670532891
1138057530
1651064985
274068129
882497121
1145808563
482721343
2076760264
912872808
1525873141
446855595
647103896
1601698941
803474671
1047944573
1370993339
1629241872
1738196118
1361424936
445266309
1850920257
1050516878
912889210
1162307153
1878248677
1834012230
282276804
1459238371
1423325133
852840907
1885180797
556024322
2098388533
226029137
1149429672
180627946
1305308925
328052924
386298935
1758432250
1332227154
1785104733
1589018100
1651147053
784731521
139963166
1425242046
1434744532
2136038403
946379580
1455240680
2075842799
996644913
2058099185
1959647123
1387835879
1833324078
887150472
1682425643
1216621558
619317150
630572768
340244273
282850138
90580706
391296213
1512585634
1557200730
401732734
247655762
2134514859
998266901
409189365
1806108734
638961039
1702168302
1529772208
1337977888
1799325854
604260261
360183509
668353653
1617478605
414825247
1121051000
314667370
774540679
833638941
1305783930
1601322205
602488921
927569146
1605221403
429472302
89482978
1468953653
746508227
1961318232
518520102
720177455
2079578160
670106681
381269362
1190847786
976476643
1265232059
1348023183
70477803
1585184160
281408282
1335323767
36446670
2011141179
239398316
1375072799
258501763
1251797360
1942229052
393802881
532741177
2124635487
81995550
405928910
1902515558
1159307550
131113943
964976012
1450160740
1298966887
1019254987
1323133649
2019810418
318486243
816108731
142437469
775621147
1272983488
185216809
28747155
785746672
1423716598
132391886
404880397
930108253
1003020261
1213082721
440467059
1529184022
2128812759
1128245002
1246097011
1998459686
711954006
206579819
996908886
1150132429
41330231
571442764
970481051
380220140
787778226
378090191
1885066256
891064656
835900828
504134210
1790758636
1185145586
615383295
1410560066
1214032911
924144449
1131636518
1711817311
616333547
82190524
1160356212
494959074
281916591
1898501451
1702347028
160771569
1911936401
133637011
1118365389
1246899765
2138692382
198356923
1191568239
173436472
359231750
1788268281
798903276
53159774
1260498774
426065181
1942820789
888230024
887443614
1822312674
1579793065
1668909048
2078138207
1101571371
774851241
348942404
1514028727
1902728672
1046321879
1570027806
78487590
2069389267
1843087696
1427403167
299464020
280982573
1825458268
1937348577
1424224378
1710670191
815059982
70721707
1572518181
300332409
1038768456
404077747
1122510414
1989431868
1564375447
1634649543
1245212308
2001212389
1253322246
1419669549
1999475609
1594571710
571655847
800492291
1225518524
1096050156
76636202
178482718
1479900296
82976845
122168311
236169938
534674207
30516498
1499561383
335851725
658785166
1489058827
251587122
799689572
2066931682
1290905632
501856570
326432672
686197811
2126862884
747161707
177204844
677923982
2122898030
657884113
1352676424
233564418
1409773805
472463555
1391375876
563791222
2076729125
1609825027
486799858
323385264
731156333
1517010578
444055180
2021334149
1127458765
329348768
124232293
379941798
997334641
384005095
105603919
172977993
924963366
1970884734
592119362
1459794440
1963003917
874877224
1879627014
1677297399
1142300934
665092789
436797212
1294444594
1981403916
467205826
1490943430
171257641
1272524539
1036949738
548128142
1623344618
117400529
1233677479
833492122
151596095
1350497607
1001676431
2089327029
841094940
1511161645
1784811298
451723181
838472892
1371124991
1397945876
1383921466
414809584
1673512694
236268382
2091751910
729222715
1135568635
1744077474
2079727279
1045240598
1833846801
338374987
1242607473
1863912048
221554783
618791310
186363510
1331882515
1268887253
558646331
353792106
441401289
318486387
1705017384
1925453647
984964921
1400305403
877023688
1532149468
615825722
397455904
1070996039
426736894
2023021829
1942836831
2104711392
2132384397
32203901
1195467479
1254829906
81273153
565118005
1461072564
352072030
2124438275
393949916
1289218431
1788694324
2017418646
1314008056
1488010522
1452782394
452378459
60188217
348123407
1727316800
1531592445
390541958
1823181161
1387018094
540624381
782928750
183021358
408305041
1242787802
743344517
1974882426
499693573
800770676
323466889
250407736
1912378411
23356604
2126764827
1995412278
648921972
938807852
994254488
729747107
1016469832
286602484
4089308
1584151434
127476337
1770343532
397865564
380990296
161573967
1708769334
308869017
1179607998
1951895972
1430696115
1327033058
1023318276
1339206185
1395291435
2006323604
1112335432
1349301862
1440822250
1120904388
1220226740
1010850384
941547021
576865398
700960721
1355265744
477575790
491191130
500218831
1475031540
1345058315
557123350
1506656232
1014176326
1382560862
715066537
717737214
1678066239
618726107
1478508062
620675774
1827556010
2057231576
1283222074
1545484886
1673610641
1301933001
1889146574
1625294519
144502469
503036832
2086541824
2126551201
1635682070
1242033262
1052137691
1992200400
1889326835
1892685503
330446277
2114803834
1564490552
1151083235
413171232
1296985036
39527647
1239953261
670220663
2141722926
1533804003
236284060
1292544896
1091228
1760071269
1464725955
880136954
1127228835
148745801
1752403686
1149428245
1250143258
2129123450
973364378
2015321729
1326999992
1102866205
1561361330
2022219309
1801407992
1416262342
1588262919
27109171
1598552552
1755074092
802572647
304493714
179268634
959750017
1869908417
200961345
1452142641
1045141749
127148330
1047500975
1925370882
785516564
732056942
1468264780
1567603647
767920917
968990483
766937957
813422243
558253982
2112887594
319256027
1189716023
327677287
968302420
1987661978
1900926891
2084166367
122560934
1165435806
1349990045
901845802
1236070208
226306963
1888228963
386380278
942759619
2053446807
341144237
394473850
777046186
1214770845
131391785
1503526752
434028320
1377072404
1350973316
1315367268
487799319
114500055
1875675356
66118882
1300490897
1554889657
309900645
370749700
1025972743
1405498598
864474277
806442804
1625720768
30680804
428555963
963337818
1736687794
143060913
1919653203
1817135988
2019614557
1028201076
2094046191
1907922567
693571094
547407842
1198923828
1900500483
438975852
365752965
1459040702
415858563
1303866108
2118654212
572441938
808261473
115024278
1912559281
2111412877
1691386759
1609873581
1705378556
1720205779
764758731
1335093452
1816742678
1748291412
1790234070
1535081500
1555610589
792430685
266365069
211020798
1431384639
1993298367
2014060413
1267903718
851744177
918852019
916443622
18277995
1400042508
1761365891
834164280
268793732
325137635
447266091
96444987
199879790
1495367340
162115111
2013699991
403668891
1624180570
964763160
1927779707
1883690982
2029674331
1217998650
488798849
1009769352
821663569
1957401349
998267950
2092145411
1175789991
749636376
926863496
1549827032
1000463385
1427419816
1729167535
1638336024
1883920264
2142640253
970808849
1039178301
111944033
1111713166
1640269322
658817173
730811480
467500032
1160913647
278296392
2088688542
420200170
1362671321
1499233982
1332422792
664682619
675565475
1506049576
2043371046
1335437430
131129376
1810418713
1607497762
712920461
663715964
1580792269
1565342392
249129252
1034803795
1336698798
861248336
106589779
2126796494
415822018
2133333798
1491349750
1779270168
1220632792
803244030
2093569238
1061951340
1621051581
1198223177
473953309
749634700
134307874
1182887589
1660275411
431206805
53963548
1321641709
427372885
15984862
1364523364
1398209382
1419852944
1703824828
1975950836
1245372937
1974590850
1356069094
693043577
806688813
1212489853
1950964850
84569398
1334028223
1474084764
969757071
360054070
1974935025
67300427
464532474
506672767
2127697567
788858708
1173089720
1086089448
285899095
154067313
1530000211
936927165
336395364
1480274001
1745993850
1544746105
898522592
1472397233
903962002
1485156598
977588799
1323263651
1104488874
1425882237
1667419106
1737002762
330169134
1821639696
291895779
1168846124
1989008899
1637714189
30861638
1306371407
377159400
1179528921
535099262
754730086
1715474138
2105333223
992007100
104361624
1322100329
1112976113
1508897096
961581559
1606842222
1950653678
383811148
1836336601
35924619
546506812
1213849833
2123830819
1845052751
1723158028
1166634288
529741610
1880774819
955633743
1653279281
1960451098
955781180
559335826
209560760
724714484
284948540
128036713
1028593029
699990389
88583562
1385740886
531150715
619367486
170730235
1774338330
700809503
1240588587
1682541717
1843201343
818911274
897899873
1005146892
1662143479
1000035196
2106234221
1993694781
605097215
703185179
1363442096
1050449508
67611899
1503686823
1469529757
588909064
2105021547
1033262213
29632723
692944980
604867863
809818462
452162541
1575302395
1939659395
1644268321
943231257
810015078
1470004927
408154481
1957862801
1792623610
1787675561
380731284
1672481432
25831584
73035124
1281992007
289077259
1030706269
1846740769
1312614153
817371534
387841573
1217929634
25487558
1693765040
831314120
984028130
373079921
1758642562
348519829
998199852
1246569236
864361177
135340364
1214636293
1540305582
112947160
154460241
1662159459
1944951454
1837729021
47786925
716800961
43117546
1484714242
1990533083
1636681971
1167895583
1191898767
1755955503
1208410497
1776582766
1300129008
1440119879
781240065
1368176666
907190149
1306698872
1028625619
1354021160
1750811079
535197307
173450230
284817752
1235230726
1219223811
1319724801
2096813394
741328262
1824785774
312687368
1232707799
1697205382
142811441
877501951
129576458
1354266891
1494479019
1534915268
672711075
1487630614
180200317
188064500
2094798110
1271013893
1578858449
1366128807
195060331
1451294540
226632786
1451491154
665652857
1504931940
377241508
1810186815
834820126
1557116178
1020499212
1401354855
160981114
1489580331
843324321
650006359
1360525563
113864485
1733332641
1966283975
120057567
1204203064
34285579
348356291
1968676694
357367630
934944191
62908857
1805549976
1452932241
830692233
1734708591
1286661821
1819379327
760006494
1544631812
1459600617
1880005145
1749156437
1293068042
1953947244
1110779951
1858749648
1837811606
450195657
1221452497
1698647839
1340122560
598264202
1092791040
1417297503
964383581
1288562401
929504586
1859192063
548539037
1522610414
1933383949
644762718
1391868101
2111084527
873569834
1157377728
610684504
636080040
510047269
1556231814
2085590539
1624984211
72969744
1691029121
1712901204
913628218
2141869562
2128630960
494303012
314980498
1885329930
307329028
2017694228
2114180187
1688506110
1268982271
1008834175
186851709
2141394368
1406532018
258434313
1593685138
2098665336
1797488979
161850325
2032014186
956142219
811555365
1944312223
275921423
1082485498
1070191945
1771029261
1842825041
134832769
548440632
602245482
1779417246
510457087
534082881
1168568115
1180429518
557763494
1387509802
2020299505
1227629495
509736189
1719553248
846764262
1385199631
1556051485
1993464947
1172811587
768739191
1895340637
2093422176
510129357
112192517
1656686608
1339663734
694862811
1951031035
791561623
997413322
846387400
999248180
1625049697
943903487
2014646954
710410392
260613448
460255663
1922996317
1530245617
1045468308
553060915
660704676
599886089
2085312128
1788805203
376192163
90468277
1865123322
58206634
1627884500
371096779
1899027432
390086043
1035130707
1687916152
965792627
1307617045
318404626
1945000199
1791000618
86568900
774407365
1564899243
1866859944
1986944159
1774814010
1631177664
1814939348
183525388
1451375743
445755503
406156086
880353148
1623460801
1375337202
1355643843
272628528
1468136593
1351744384
1856685499
1855178118
630394501
1658505666
167158509
1262510171
709230939
1859765703
2120422781
1447492953
2032816651
1290971094
1573451501
1805992067
1859438067
1022367704
768247522
911793521
1323099633
1487516548
1631504912
1967529577
1353317273
2065354798
1665992816
1334879405
1427783204
2109740673
10120152
517731742
1986518319
482129911
2070138925
1867482112
1326670912
686605240
1517760802
776717596
1328931951
506115446
548703208
672465736
349814713
1150283755
1108289899
1961910165
1656850854
1870611474
534475958
1735625757
2109265608
468578460
1878377606
569100959
1630145119
2115818852
427602437
1393604716
18098793
411382532
1446051250
1703775752
616648518
1893145439
494761718
808917945
1632832221
19278505
2107446802
673629111
1756758821
1523921217
1491088244
1257054584
2147128418
1833600723
113519967
780895511
1629555390
362855937
522089656
1344453508
732692491
1196387560
1013258189
1325098320
665111567
500463227
2095683398
258729156
879173591
761857752
2123371811
124480728
659508474
894164733
1915115920
844012023
1499329255
1507422821
2116195740
1311352297
1008703454
2055131581
1797538017
174481825
1831864058
1407547440
480180041
1811349549
1406466062
1917311386
1639647846
991449286
693125774
104295894
1922013549
294976118
1075850179
1318872447
949162869
345915257
1010096094
500119076
1518498158
1819084672
1061770404
912924037
1587262826
1006770166
2018841517
1104996900
1221272368
827660974
1044780477
1427144428
462631022
1706430024
503476736
1099820431
1930419981
510947959
86468905
2035586394
1171941834
269073432
1071780851
1250977410
2140803983
1059148598
1564143905
908139066
105196126
1296638293
439891493
1973295489
652348157
1516009076
452097752
2131809058
254059286
2036536657
897243465
846667331
1426094390
321306385
487551288
2089537715
1594782514
774881809
1493579065
950113438
1108897369
710903325
645171767
1483797555
1675448218
710985258
520581962
1950324849
404419659
320782156
1407582128
1756300538
85829963
1188899467
1856979704
734627742
259138347
1032524241
259564325
687441060
728401716
166651312
32304563
1186048720
2092155
1145776174
542329908
2112115087
455210829
1088859274
2104906011
1269688284
86305110
1249994482
641616456
110357221
948770042
1693993091
1379630661
741130408
2046088575
1642925437
577343224
34565789
769933686
516813406
779780846
615467066
907909770
420066705
177284617
785826382
823369097
1978210675
1038750070
1400012754
1403928334
1314972352
1527281577
1301242157
963892695
717702752
1840840977
201957538
701515134
327139281
1623903355
321191830
753467482
405812363
1835614677
2144752491
849190432
797492022
531493650
70232303
1750140048
618498079
1196452756
739311829
1846706900
773325521
1336484711
801325843
94841206
1304027499
910219923
963777953
652413495
2065962992
758809068
1638108532
656280521
1697090047
783549038
675923093
1083468916
1562685888
1461451763
937663243
1406762801
160064867
1676726043
88172972
943690961
345847917
1290641436
1279664308
382466616
2058753605
1171843372
1642401041
1908858163
428143986
1846805218
2048480992
485765135
552881160
21605812
1387494990
1224336891
157967457
200845043
1574695126
1983011644
1375878925
806870276
48984062
1252304831
819830209
1291756003
1230644293
912726855
2061834183
926571033
13774321
423965792
1908776162
788857390
516453349
2022397350
909482779
1926815734
1349664067
2084573554
1190161348
336296254
1045287802
1385430952
275447121
264463100
10251740
269090120
517125011
1123266482
1527903827
639748963
1936596525
527872562
1983372144
488108112
182921134
590433917
1821802971
1895030205
1711917912
2078742198
662129189
658524690
888576421
709379870
52948592
1225909320
589008450
1037897856
481096179
1269655245
1803437597
1843265722
1204349614
32369793
818273706
1524774797
953898420
1177643840
1019826609
616860092
1836924934
1730726486
299334824
190555684
2024445226
1372240968
7548400
831183886
922262388
1891769678
198911575
626526410
1606218280
1787381532
1004902002
866295357
1600910068
2069681914
1493644448
9383207
447526660
486682795
1323164535
1407893080
784139016
1613794694
293469386
1991547662
705333174
1366539449
228089940
467711534
1683327386
2119684999
28486753
588222172
1105193995
1120071447
1550676408
638012369
880155054
982652744
49147703
827038888
922606363
1823785299
1668337311
1122316052
2071664271
993629891
932174452
1835630738
1188113196
917723981
1495480099
369473538
607455805
1219389095
77441680
1170893764
772997121
735397314
846306409
1200695690
1470101892
435255248
1391164618
772505642
1985402994
187606283
1498117996
1595961609
686360263
160753573
861773164
794640750
257040737
1119349892
339376654
696289204
1339695598
112912527
388938008
289242885
2141540764
1471412616
891394912
922507453
1286710003
1313382412
734578060
1854521551
1188079768
839638082
2057196756
1575728039
1316380728
146401015
475345413
122906882
2020693536
1801389325
523743586
1197107471
22179591
713589968
1508898740
998167842
291225403
1266672926
2014844538
999347699
879155717
632851420
205972002
2099499847
1252320449
583716015
1911955359
2012600729
862821632
1500100381
2079167896
962811672
112191700
938957193
1091006328
867065134
529854741
22147024
937613664
671139463
488846250
1263314373
1990563887
1800635864
2099516331
449852481
560615417
1198664161
1532573130
239968473
210608666
1709853552
916478010
611404522
690292665
1145187036
1797916046
470479535
240804095
671794850
1707707239
1419295287
2044811088
1356922450
1543746231
1884790498
828760018
1758807663
506343573
435451720
1442429765
1500247978
1981274326
203989738
823025608
2081084109
1396293105
884693617
685491735
344767041
761594795
442479758
1077210853
1968544647
1974459259
2007079284
244326472
1167354698
1087548976
722568691
380106820
2016253640
1124494816
176137366
1580921041
1862205457
1831945154
535179538
674383556
294698858
409712272
1160358868
974886116
1446738234
1667042398
1934859350
268198138
1972984479
160392840
1690815439
662276212
583306698
1134013593
214541275
1805304969
1216161640
401733865
1591980537
1069387943
1175693576
1051857326
281804776
272400153
151266862
173221241
1953438532
1280385917
516354539
1581363568
1698269706
1881562901
1234953903
2087228252
654411833
480261017
929618002
77032364
368376520
248537583
1629769316
1896455756
181593498
1406680211
1120267662
595594445
1078357780
1192765515
2110575256
1599516686
950654966
631671494
2120126780
1730971720
954111931
637356698
922409373
449000875
739951475
1349549850
1714981202
1049285092
734561447
1982519643
1719290127
1049874923
644679956
1372995247
1785758987
818536373
1337221322
463778854
361265675
1784399324
1188686153
1561375361
2084393900
1856405822
1135160368
660326594
1319149881
1583526399
557780640
1283171291
1230055155
907942333
1222846278
1619365666
669435981
1555493659
642009578
667437159
1795163312
1410775970
735315040
361675320
949655341
44772626
1725794663
667371644
172910067
1043681780
1578791384
420312782
883432300
1688505186
1157950156
1659129132
1183525189
865655895
946952126
139552670
2023118662
24456868
2089227093
2079806500
1299145404
1302405746
2079216698
1931877619
305872364
1617711028
2083345396
914610522
2076709907
1588081011
643484038
1489352472
1907351152
1215113138
664717377
537776110
1008194544
2128302396
491942586
197174312
1896783588
734364713
1482389430
623037138
927520953
154789579
1153755953
540413902
1390099746
879418262
2097926902
868523067
518008544
994364230
1237547456
487304456
1830100240
956827919
901039539
265027532
480259240
409020520
874316823
767794637
1724946142
968378806
633558477
1993164483
969837021
1812306961
1364664641
1846697483
1044745820
1900413286
1608445950
437512754
1742329851
1992558310
34255407
999787441
375989839
98596295
655136551
1325547305
675207187
173570678
1151628426
786145013
876069893
1793497812
1968964975
1274969035
731093926
1121333984
288776448
785293046
1748146186
1650266724
996199258
147978477
754228425
434743766
2038352191
1653379789
382412425
400222105
361031111
1940849643
1281326106
501951917
1173566900
1944404909
1383899701
412477660
753065128
2140622812
1144124543
1732712215
2123845318
688757084
1136096228
1192671043
1861115576
1229650193
1428251968
919144107
2098744703
1601548059
528527342
1725912752
911345185
922847090
1077473355
1178220111
249429675
2115128933
1611321469
1894924426
299393440
969394620
1035652545
1206695831
1894826125
116405901
2042317119
739466388
674732223
80802904
1378083497
819232857
1281342672
1927119442
25309459
81572941
957598080
1408033663
2045577593
1107571344
1235384631
1182676711
1341701985
914294501
685152330
641193641
361702672
1386750473
487910837
254295945
1675629377
1561996728
931596066
1939833655
356623849
124336066
1928020550
1974666526
689805746
925140875
1769724362
941820055
301310287
2080361285
217873468
1345134830
739417300
850936447
731028314
1820630094
1973355858
415655945
1899626987
1747130609
1231272375
407627933
1657000468
316727864
2125057648
1892581399
973507293
462367570
1308409121
2095877135
815448190
250871323
2021525650
1807588177
1932542914
1922269793
1479125212
1286634566
140097710
1609920265
1704416404
1939341982
1221540296
542314841
1236056225
2015594797
1503733939
497937599
1111946066
201030382
951552418
383789047
1660244973
618042827
1045958520
2127073262
549114269
923747880
1339801330
806666552
1528572467
1325448753
653858760
763403442
1167144103
1264876125
835338480
435677387
2044299494
484502944
1092825186
804413104
1399284261
1891009008
1100214485
1125446227
1911046307
385001406
1781914488
62501623
1039486138
1973454064
699685093
123336202
1312030570
1012960571
772317012
2052164365
1276312911
735009425
1814502777
147503534
492973062
370403190
1258945120
1508321421
1788615670
917538780
1543072407
1351328250
2063141773
956500088
1248328474
1882849722
1117156119
1597697721
1222834535
1140585085
981633802
1291893899
1251703575
922470263
1020677447
891487409
1789696831
309945325
1164473597
811254210
1615761879
437431176
850936611
14889341
652302146
1663619723
1421042966
423159967
1908883562
1363878117
1846796221
1845025878
1154102650
1445668763
1733203711
80573822
1589047045
1617826266
735271526
1780603801
1180448741
1768708304
1308245062
1513204620
988154712
1110406123
1407607330
378562390
195017303
313287524
660084368
283205928
1410688479
554029262
260062795
1914962927
841335790
1021267216
628167844
1118139251
1111127008
2118717330
1459660507
554422486
1132950105
439544813
1841372193
953010476
1248656269
40842123
1044647842
1490233653
1710445588
2103315639
671717858
904578078
1967031498
207994268
2049117146
1407099426
731322986
635360288
1643925507
21475512
1792973023
498266038
1359569664
1280196163
192526708
11809467
1268906416
670127593
1565650761
639800379
318234859
1363698516
1801443650
1304477661
1801722234
1443505195
2100711188
571363372
237042690
1970194252
474295905
1180267645
1775803389
288023311
584421629
2026818279
225607515
94009258
287138607
225165151
520711484
454895912
1748736513
362162088
1616892443
1159280477
55226631
1985201181
1257404605
1106064316
1861885100
822854493
587862352
1795709267
1382539322
283976371
1680561780
1014795805
1244805200
1636832243
1692702343
1048841440
2017184350
472559181
279683778
1258453353
962300726
917718211
117339272
1911227292
1648480318
631166746
1688213029
1258600834
558437326
1747229358
1481452230
756817815
279798310
1187394637
1876794702
2128989297
2111065921
1739855137
762290169
1490332236
83523171
1419011598
521153930
2059388964
1418733069
844579018
1551101649
1726010435
1646219452
614798863
1237564271
1086796395
1538533658
140180212
26555168
604657340
455125402
165411681
818446964
328458543
1759500897
687823420
426896309
2049165542
936445207
508914834
1278426872
1609133346
1066814808
1752619704
1538353506
1167849283
1514449054
1034800972
301785886
1401561455
1221261871
2080526053
738451172
2093977123
1599122848
1061768635
1948829403
931808633
283615761
1582509221
355657675
446851163
1884078773
23114650
134281980
305848634
1257994747
523430961
223936095
253000723
1673171123
900679333
1863916563
462399645
1669812381
1928954340
1193243711
2121960792
1411245886
1920696664
1146451824
1933721700
1114648919
1452205481
203882253
1773984400
116831706
1474225395
1643336414
107902275
1636586172
1867979877
548164504
115226090
1201190050
218349112
1993000439
506080535
1604873366
857423909
1071107304
856113223
1029279257
1525049762
1529079910
955501493
222264950
1621513196
5796627
1294270063
228409041
1972766427
1564257905
1839406828
1335082204
1256454578
804330658
1323515318
80263069
1144026982
309993762
2121141558
2103905854
63467666
2055112996
1687541710
129905893
2025360355
115471805
1649430832
364832472
867795166
956222359
1565470246
1873861850
1913962873
1510238569
1781733724
68876137
385000838
1699845670
286417514
1799821373
1732957232
1285324775
640243026
1618006795
599412934
119256167
1651855625
833766095
1155839897
1368187633
1403478234
255441991
141490961
1755585317
2038237948
1155004246
594301160
496446992
1100067355
252411009
1388536137
654660745
1182021112
2138082531
304390578
915014928
747429649
734615636
522120321
1236236848
105674223
1031769819
2097925806
1895416671
1593191773
1093055115
1427957426
188020890
1927397713
1615664127
207896535
1206318165
2004321475
1643172421
1289355119
597479467
1863949486
1041124788
1560915637
888211248
2047134144
451225889
922191154
61223031
1189901630
1935999158
2066974948
1834557056
1522559258
622597831
1951401868
1038552634
1102213713
2049886667
1455744301
526806156
1172911623
540267485
1901658806
1888519008
1915044311
282895144
2088931190
431352386
723359975
317120793
1941882813
438103576
516074180
394011508
948096137
1107523091
954846458
105575004
144702598
964775322
403631122
1054313163
687480038
207206521
1241497049
903168507
787454683
1294268690
1316780619
1868094307
1181479510
287532318
1716376078
1533488932
1285470426
387752782
1023330477
294561241
92647901
250329777
217987235
93762037
1106458005
1587473142
116503193
2055917281
1216658666
1257094786
833390044
1778015627
1611420799
620056705
589567837
1358341261
1899349321
1970225427
185270132
981520127
1911915893
638767763
1367123454
1693061230
339075251
361750793
719265368
1459036797
341057758
1164603873
1969504745
445033993
1270513448
1085092926
752293955
1246953156
504441480
744511737
663048988
1005342583
1700106698
1540878199
1873140485
1809375100
1548265711
393421780
189628390
2138770390
571315874
1397549052
545641525
531671810
752851052
152288679
1040960182
1594190788
1464624008
1789828710
180387337
226654539
1511386847
1251999317
604082379
1202221926
1665423253
1992376850
1487760506
885669917
1516302007
307226263
1996538841
1609149234
653103670
1773526376
1248394892
803527425
1155379259
51804144
1396271070
950979654
151862758
558749094
447360580
298526011
1994637842
442150569
1873992513
1690226765
1094956471
1961590815
1484778634
1937999734
1170764093
392192920
885293116
698555742
1110341329
111374940
453864973
1880605970
631361702
1890059681
163871944
424029259
1865669182
1750359386
1951007044
1249394536
254294584
753474043
2027064774
956124651
738564381
202258710
2123139988
1501326436
1038076102
1105261820
1419092404
409365828
149765572
1810030280
31700168
589485577
480946564
616321416
1663079957
1562814495
1685836100
562828494
1863359060
922010545
1108014927
2104903728
1351919059
283862435
441757468
2114308941
868484749
1782750994
1564190826
32732321
1369433293
1886422307
1340045962
1816664336
696900816
227571917
1845090471
736452282
804199055
2096712090
299705528
571611006
1367483631
1235074291
2013367663
1060997709
1877613208
1467507210
111047660
1518317324
1536437991
179929039
1133360885
1410146677
169738084
1926367144
778230552
502458505
970820771
580098028
1826003284
1974648886
1260404388
1040747405
1630901427
957959326
333964911
720772990
2008007206
656593579
2084932047
579016463
1340062290
539202990
1408886390
1808064086
1986823166
816792889
951848234
888242534
708321199
1252392764
15267186
1293121679
2101430496
1348396540
423947488
1907213321
1442915239
253901444
1810177603
1972469814
1227881604
787618652
1840060446
699833346
1212136843
566957181
504245177
119468711
100593733
1026394256
1730433689
1283586371
625545356
957402327
2037435579
919601947
1931019989
1063668395
608866692
1102754922
460123837
1722962789
159775826
1183511379
627200185
488188100
182976262
941739456
1635570847
575428514
1673205323
1250246519
472443355
359063701
1269513822
147062068
574756795
40712084
611389834
816940364
116273936
1013336472
551916826
223623339
1222442716
1303002025
1091630868
1494462229
1301183368
1874467254
2076511690
177650822
1542041081
514844861
408055361
1197257032
35369998
1266744726
445557910
160268177
974638135
1176973318
593859911
317170882
914800801
2054310997
850592923
639504436
1374447559
1157018328
1454956695
2050739211
816514714
2072694201
461499826
1653986464
1214414421
1351952044
1664259337
465038729
1698567031
1004899759
1652839631
772003912
1380672541
526690611
831604678
440429592
1621219065
276817445
1119007976
1397531926
291628861
1512238207
553096854
980995099
2100398935
1351231201
1723977902
216709786
1459741046
1444634732
277964520
669340060
61617617
1040369799
564844332
59929880
245708841
1315977470
54687180
1456480350
1441997665
26752782
1033177869
909869223
233585523
1383343339
154566569
538908351
1919698125
53278088
1219722774
1088059004
1904674592
944951032
2010939767
16332370
1516711115
679779882
1271692643
1219067398
1143157395
1491725913
1728778683
163086090
1102526209
1616516845
801610109
738253504
532441469
1151513194
231815963
1535241549
146980371
357671810
1518365780
260143447
823789506
285910992
1091712968
1917502612
1105196800
689807357
1901250483
2090551930
99791633
1912112927
167918821
118141411
534276403
109293679
1496100803
912146604
1606658352
1290254867
1797299673
1979564801
288450508
1255062577
1716441422
1739821232
1141306112
923205645
1723863500
2071055487
1534143585
986713540
2146732256
540825384
641159458
414674862
180059553
447589815
1504341686
152583737
305915162
1242889525
1348593475
1040402727
620221407
1616533363
578426192
1806392449
1973994115
1305361122
964283991
1123333595
1055656414
1103689466
1562962458
1383441730
81720295
1355229180
1765694977
531720435
1452876252
1859918233
1887373113
561141307
2126154227
1149727692
7026464
1047595326
979012885
1396270198
1317632472
1623709590
799709432
1736347690
597923061
1709183671
1490153352
571725134
625824272
1378018687
1839930059
26064620
1555409876
1273773197
25540327
12760992
515975594
329884866
685776781
297051866
1152037829
765844181
180272588
78672838
1785240862
837977732
692788797
1705300701
342876944
1938294007
2037026325
908837291
359916274
558044866
1173779061
2075053098
1095841493
2024394529
909115839
568415857
968494635
304883128
874578869
1819089912
749820710
899629575
502475371
1728041316
1168503353
1600940272
1601743078
1469603847
2096794459
1131672791
1515236858
1946076238
1928037726
1968898786
970198637
917766414
924106920
809633666
1126855912
1637946980
1907443320
1412801535
1734135958
1179464065
1737297987
278177626
1928496445
1444946419
1117926773
1856051574
573756906
187366647
1784798655
1021315903
454814974
1186083159
1032948343
1548168097
1633867397
1824463703
438562249
1724256557
2142210112
371155439
1669420146
1608149038
345301858
454438124
1108735470
2140506216
1002277955
1427320087
896666998
450650843
2008289215
357182785
115523311
809551950
74398847
1096268103
963264893
152056071
1809322959
1887815837
1412705325
1551098986
595778456
1993084626
1692359935
2100495638
391327606
631889292
866995076
87506206
1717755470
168997436
1458630366
1948273679
210252985
239548020
54786935
1048233548
668999638
1367484853
372583951
1803883449
65190879
1749536889
1554146461
1008059477
1484628030
1517904442
1968524566
1378003565
2115323457
1921354448
1095088402
1645845058
855575200
870943625
1093253450
665952213
2132395901
1981746811
1287140572
432120228
1672027087
374304296
26819057
1191624556
1022461083
262846407
1568876012
336325753
1549362221
1379510860
641834551
20199759
794466086
359165205
1180745441
69270690
518088295
1526145662
1828541556
159052275
1344415912
491939293
1270903631
1560847771
626073026
914345705
1293202819
1782469287
334883695
1134541572
1147485438
2143962967
528279516
2124400191
1256845898
549165075
1431285222
1337341725
986825341
1731895189
719114862
1213591778
1716674283
1855673893
1964559783
478995535
1234121035
510273198
1981468380
1880525020
2091402340
1553589332
1063798694
2016772347
1853855408
203699445
1223700514
454321095
1641208065
1523130896
92454232
1806144380
39860866
1597548508
1068844892
1811075867
49265157
2007093066
1110096582
1689869399
2015625419
1299035522
660791186
714379878
50953213
1775505697
1605822286
1501045120
35568359
1629870559
1468034939
1510187774
2022113401
199160609
571657
911904600
1029194842
301115632
259782264
395865757
1748504893
334359272
2077557458
1917389646
463659695
1514677061
1490084319
457859675
1884293442
731255429
1258385941
13285854
489579574
676483403
2054587243
1999310346
695537748
1672551065
267613914
483894781
517941237
1492443615
734302952
1965280268
103055125
1650711377
2061501394
268105416
1434987707
2029699534
1631918194
1890486681
1047775055
823101514
1226109010
1027736589
1818547499
1433480224
1602102828
1419570632
625777688
823855182
198292105
1164164152
967295225
1958989216
287877197
1488298463
520726115
239580971
719459215
1924058049
1688477140
1368434915
54278730
2031239272
2116372319
1534042640
1090320765
1256633191
968884291
1148173799
1220948301
1054984046
1470901822
445145883
535307900
442524662
1411640763
391327439
1606018597
396684857
905284714
325380804
1548674542
1840976923
1366730967
119193272
285976745
1921370918
1874941538
1481712114
608001433
1109441413
1241936800
1943915124
2104607964
727945941
225162460
2135361277
19527827
2011582042
1740185095
41417653
1895303486
1595844311
2104558778
1490198809
177189721
42040151
34388949
601348616
1491247421
1378298872
385691422
152711411
1670994548
218313966
1459056408
1577018383
1382460311
464052826
831080574
265008689
1729535723
88865974
1129003701
59226745
382725937
1013057122
2129364207
861112663
1442197488
1136441787
1644943372
911707227
428041102
2141095308
1048511596
741103162
473785899
669687283
1761530597
715116675
1677958685
1263317358
1642552261
1694900001
1922681009
1600808256
988053710
1544070695
1969753944
1027196683
1118468255
408183394
299084773
273934954
1424207578
2122105920
2115077201
1161838346
1033799637
1308669007
307226648
1818793523
1553573570
439492713
909692006
376155147
1741987255
364670943
135328371
827018029
1278424667
35764297
909020228
701699004
1723407566
1975160775
1584047336
1743838579
878874343
951747135
1235694369
1689427509
1855443999
1533944292
1731993015
783471678
1487872545
1970704376
396340497
425878509
249345107
1603118360
482747987
69549746
1689083450
1625922161
1725963384
1634540535
1128331738
2106345233
2075787559
804001101
1062995448
930450897
1439248236
384134211
2098792383
128122116
1644370091
985432084
1235284746
500016999
1755877893
1253355524
1405512053
1305229178
2131903909
1819137748
1844057936
1147272925
540547719
2077065484
833063778
748213855
1809404190
243741760
1125890515
716591231
415654415
1553147480
870385969
587389395
616013412
954942015
1165410220
1102969697
167195435
861718913
86851568
633216864
2058485869
253703679
1152237132
1546675922
1949486800
1383590035
254621128
833407808
946340486
1146355388
1317647485
1268674922
503850224
64289070
1635163016
544676489
1273327847
195329
1260335132
1774850765
703288035
365932227
587372562
812878691
453943324
855591403
2081523461
197816543
1069286565
375401850
742496091
1991577006
15907820
481568683
874221316
642686316
722358310
1657133549
1251996085
212891548
1363716709
9763769
208844608
1304655601
1167539876
752932821
297020046
2035368557
867207309
396127395
1119205770
435987129
690655842
962740783
163771021
1597351034
250557887
2119533828
1188756877
1316074792
506340725
1126676604
1939228874
2129348022
66287788
1751339776
1376643438
1585210649
144110591
204175169
1388472745
939950955
370978162
372485469
1563616834
187494492
104217924
594106397
582834633
1375005324
1356442532
488498786
851413310
997687542
1343695775
1563911864
43235612
1044710865
59209747
1665931480
2079834210
414950189
1245016482
2109376035
601938042
1572398630
861391095
928648442
777459191
70057869
128564235
118209704
165130867
2040037949
1872221232
1367255766
158266079
29670000
781636899
1834243820
950076185
318613830
1649285618
1228354186
779572681
688067267
790140120
2132427994
879005604
1100200531
1980845523
543316896
1442917826
1411231705
860915861
1872778343
1128560780
459022487
930368703
451682592
1800294531
1295152893
1589699856
1031800405
1137801223
1954221984
1886292914
561289898
731238474
829164172
277277540
1296774825
1290303242
154333904
1835882120
1220916000
356282074
1783615912
80019235
1726356749
235599352
1596417236
1655576923
901664328
1483514778
1241461254
815713127
2052358573
1578673635
169275882
897977978
1820366717
182630114
600612806
139424835
599007160
437822997
219361539
567975371
2002815862
1132625813
1664605984
1066501000
1784960637
728487794
1587798714
1133281173
1878430699
645929629
1874269097
408527943
1175960073
753144004
240136817
768315881
419144926
1122647756
992200453
1731533597
323858277
1870795689
1592402625
233943518
947094595
1630903559
1072972742
77772951
1497867644
1702877505
1671192482
1482810463
578428475
829213998
1339536276
280767738
1852330543
903039384
1399533349
1970866486
1078426646
1864635253
310685395
1366732074
949388491
1068893141
806423669
1181284877
1891486936
1483596811
1114340877
592174881
164476326
50806635
1922682612
2109948333
71415854
1232975117
432858557
1573102002
335327113
1070220209
1728437118
46743221
1230664999
1345678408
640375381
1367617018
1400139531
254178214
1135247146
984679986
2021606650
408724697
831393035
179762736
747737113
1500276196
4832448
948372491
124124136
611031269
953042014
506438334
445130265
1591009862
441804480
1167456512
432940376
1657757272
754798693
1414473939
611866853
373598937
225292787
241922763
1519380012
110688827
1251014196
1948092602
1894190144
24526296
1920765651
1560732073
248541795
153335184
113965689
1068450588
318418511
1081883844
49135188
1440360806
1667948503
853462627
762319282
229126507
836963623
1691342855
669768480
796545973
1748735211
1647075070
1834226054
1373941047
631839100
1085324391
2069514167
796562324
848449148
380807747
468772609
1669570427
1198291863
1603101554
420144128
1976731869
1249949583
1321186223
122042962
748720565
1331376716
857017868
284863968
1231746166
559504454
1924157359
369453850
1182595933
459105918
2014004527
718182379
1599955576
299740411
1718065999
552771019
1878643395
539303194
79608193
137639285
2121499442
1857573882
1334457033
1798559350
18119762
1547804937
1240708281
1558716837
727438857
1646387061
1232385056
467232396
1762399321
162657511
1628937294
1604674302
2057390078
1242347347
1178598239
1002571427
1208333670
1143880008
555998277
224112701
2072069864
518251401
1438099675
1342942566
1724767139
2037482527
215953834
293645561
947373326
334524042
2130690948
382380981
810880469
429843480
1844580468
595844616
1073676913
743936472
1523591007
598793763
326250215
982533895
1604149765
1478993342
34389910
1056228206
2102575305
301526116
592568012
60849727
677516739
1996524196
75561253
201094745
125319903
1021297014
1844138049
1041515455
1331278581
1358720338
796037852
397666845
2054260672
1963952318
1550246357
21167350
2112241747
2048313251
1310978965
1616567778
831048753
56540903
1049117491
127810081
312536932
1019674883
469689914
1060160246
410133947
778458029
1353985401
1843974183
1157822674
1878331943
308719540
2075805293
1451322201
1679530435
918326116
127842884
1429727468
262468217
660904580
1009795537
9272680
401877522
2121647005
1765151964
846106501
741659103
1549869452
1125891830
1154152762
68319712
375794580
1474259500
463201903
655825634
655284987
1923747677
857575137
1926893350
1082981745
972261362
1411508771
1908953037
630512530
1782535220
813436528
744870505
1445390379
2020050544
1958759128
543907442
918964445
778326143
938150391
284536554
1150565047
274247291
499770349
325184836
85424945
703043535
430925698
630283169
458171773
1860849887
2042660854
320122158
1394601252
801198589
664394149
220295967
1349463632
1759680163
1305326473
1367601093
1204222351
998278601
1328099683
1768724257
834605041
667294103
265744782
163379172
776261658
952747671
829263666
2051048486
125712665
412559088
1455679652
372156486
1654365424
698095600
1766938428
989004958
1097760512
340699709
1129282875
878627371
695195413
1914817628
603643271
1475602806
74726129
2102150086
1035240254
760812498
1859489880
225276899
930679286
972687221
1564189610
1292727198
1662344582
925436349
1888636422
1217050130
2027587137
1070039388
625794001
1289925247
319499670
756421513
195589389
1390144636
20070297
116258882
1423157884
638179512
235729085
2069497320
248705121
1033208614
1236432646
1319055397
1955957289
208368342
1272345961
2009614600
1862472130
1831474152
1848692979
437085384
1833292674
2022458944
1147878055
208990904
230912786
599252325
617142812
162150271
188102112
997541283
1907691362
653744175
484237828
1262106083
737924391
453993936
1044873383
1734662533
2092696154
1281815183
731829623
1186543699
1504438081
1675828494
936233276
2120106155
2021770870
278408815
1539188038
987530276
872123650
541433528
474391227
1628397068
260731023
742921039
1091190285
1634344557
1785812345
297742004
1246426436
1051869628
1962052576
827723333
919423449
1879691038
477635424
27524794
975209785
777392461
1223636977
362900158
1318171022
1311895825
567860986
1012843389
986400238
1275458336
2002503804
544546655
1819464543
1886588766
1647107331
704583372
624958072
1858327033
1287730173
261894304
1038680790
1231664680
1346269053
2029832121
999146699
1330769942
1847611751
597171410
2054341950
789401666
727077895
76381151
1986365751
1458891174
357280281
2024556537
1041613133
483124114
695703083
348335006
1262154852
970049166
596679921
580083185
1065189406
743461685
1346809632
1691409335
1064747038
1471572190
1426680418
1738414322
1351348199
2056209890
2144501949
1256732057
1424993182
751965089
1583849759
461628666
745100048
1839715037
2092942277
1479387053
1284109071
119191699
1235564079
861752529
1933774028
491578077
1049477407
972654189
536043621
63929432
756355714
1602085092
1523475799
962627321
1523596
305819046
648747275
458433779
1472522342
1366257355
454812848
546627385
1014072257
1789875486
2038449714
793219317
1189771609
668735599
1290089299
1748424577
1194326166
1231615700
1838289455
232518169
1680251877
992822507
468804662
1520739683
391112837
1947274202
793038984
2034501257
1036222995
622680780
470066134
299314691
1262892177
1024361174
1340403775
1059963121
862735536
1876135950
1178991003
728962220
1913163240
295726657
2024949598
1637850739
1888440162
397666371
712742280
1318695278
1870106764
1500014227
773509607
1502013048
352365310
1682021310
